10
82 72 -77 92 53 -49 -13 73 95 -48 
6 -42 -92 -87 -77 87 -76 -4 85 49 
-61 11 -33 -92 7 65 90 -17 55 30 
28 75 26 51 91 -62 -82 -89 35 -39 
-62 -15 76 20 -34 16 -9 -79 -95 -97 
10 24 -21 -84 82 -55 -44 -52 97 -49 
-67 -41 25 35 38 -70 79 -5 -81 -100 
-61 -83 35 -88 80 -33 -38 37 79 -31 
14 43 56 21 56 71 -5 69 -100 88 
51 78 50 51 37 76 -90 92 -7 15 
-62 38 -34 68 -69 37 98 -98 -31 -22 
-54 46 35 -42 14 97 -69 43 17 -95 
85 31 -96 95 78 74 49 -73 -86 -22 
6 -12 86 -51 -62 70 -56 16 59 -23 
-36 37 8 -39 64 81 -51 -86 98 -25 
85 -28 -88 7 -16 71 -7 -100 -91 43 
74 45 72 -12 -93 57 -32 -92 -85 56 
-5 -79 -15 -9 43 -16 -51 -4 -35 18 
-50 76 22 55 94 -30 -7 -40 99 -32 
-16 9 -74 2 -17 62 -23 57 -73 29 
