12
-67 86 9 -27 -62 80 -24 -19 19 7 -27 97 
16 -38 45 -8 -75 -42 -90 57 68 -9 34 -97 
-73 84 -29 -93 -96 -50 -57 -63 -68 -78 -82 85 
93 -16 66 -88 -48 -94 -75 85 -81 16 -70 25 
-49 27 -83 35 4 50 44 -64 75 -62 74 -7 
96 72 -30 -95 66 -36 73 -14 20 -82 -9 64 
-27 68 -81 -40 -86 -8 36 -15 -70 91 38 12 
75 -10 86 73 91 35 -25 -93 -38 -73 -18 92 
38 67 3 51 -10 67 -81 21 -5 -41 -16 -23 
27 80 -44 33 40 13 -61 54 -15 38 -41 -20 
-56 0 -40 6 -28 91 -53 26 -73 72 11 64 
34 -80 -21 -73 40 -39 99 73 -55 73 65 -40 
-96 -56 25 33 -33 -87 -80 48 -88 9 -74 36 
63 -60 -46 92 -65 -92 -94 90 -46 67 -13 23 
-82 11 -58 -41 -12 67 68 46 -70 -11 43 36 
-13 -26 81 -3 -3 -42 72 44 -60 57 19 73 
45 21 -96 72 -83 36 86 -60 -85 -36 -95 91 
44 30 -76 -60 6 4 78 95 -58 54 -55 76 
78 31 -58 62 -95 91 -19 41 17 43 -4 -38 
51 93 -27 -58 73 -34 -51 -26 -71 -39 50 -87 
-29 -99 61 50 33 49 -96 59 18 -5 -78 99 
-40 66 0 4 67 96 78 24 -44 4 71 53 
-57 -89 -54 86 -37 70 21 -99 -53 7 -10 -74 
-14 63 47 53 -37 75 34 -62 71 38 -34 59 
