14
-45 -46 -8 3 -40 75 61 90 -36 80 7 54 -38 -37 
-66 32 70 -93 9 49 67 0 46 23 8 79 -58 11 
72 -34 52 -99 25 43 79 -46 -9 -24 46 69 -14 -55 
-52 -21 -26 -47 -19 99 -78 -94 -1 -98 67 -29 68 -37 
-71 -97 -81 95 25 -52 -3 51 37 9 -2 -26 -22 19 
-45 60 -88 26 99 -89 47 88 73 21 40 57 -48 -30 
-87 -15 -30 -40 -50 -37 76 -60 -68 -82 23 -77 -1 -83 
-29 -59 -89 -82 -28 -63 -42 98 89 9 61 -81 -53 -89 
72 -29 -69 87 -1 58 31 -33 79 58 71 -83 -48 77 
-54 -32 -97 86 -34 -87 -17 24 40 -5 -12 91 -39 41 
-71 -64 98 -89 50 -57 41 -36 -84 -58 -76 -73 -92 77 
93 63 -19 1 39 -81 22 -42 -72 -46 19 -48 -8 27 
18 51 -71 -40 -39 -39 -89 -41 -9 20 -7 90 -80 -43 
-24 80 -59 -35 -56 4 -53 -71 -66 82 10 -13 -31 -58 
73 95 51 87 -88 -53 -55 -75 -97 91 -7 -81 -11 -93 
-60 0 99 62 -28 -38 34 -57 -64 -29 42 -57 -18 16 
-27 22 48 -97 3 45 66 57 15 67 74 8 -39 54 
-87 85 -10 92 42 6 77 83 -8 -66 -45 -2 -19 -91 
26 25 64 -55 29 -73 -74 5 -73 -71 -60 81 21 50 
84 58 -55 -15 -73 11 88 -17 66 -68 6 50 99 -13 
-7 -39 69 41 -77 -8 -53 -10 84 54 74 -10 -65 -19 
-62 29 75 58 86 -62 30 22 -86 -87 29 -60 52 -21 
-26 -36 86 73 -86 -81 99 31 21 68 -8 30 -16 -62 
5 20 10 -97 12 -64 -30 -63 97 -80 -81 3 -54 69 
36 10 17 -6 30 -71 0 41 -65 -87 -59 -73 -87 77 
14 73 67 -59 -98 30 -96 64 -63 -73 -88 88 -92 -43 
-82 73 -80 -15 -84 -69 49 -30 60 -16 -86 98 57 -97 
-60 -46 -83 -54 54 55 -20 69 94 -35 0 -24 81 28 
