16
95 31 -48 7 34 -56 20 60 63 21 43 73 -55 -94 -77 -20 
95 -31 15 -57 -14 -92 -88 41 -77 -77 45 -80 -20 47 5 85 
21 38 -68 17 99 0 -43 -9 -52 -47 -96 -79 -98 40 -84 88 
-56 -89 -42 -90 9 -36 -93 -9 40 -81 -70 95 27 93 21 -51 
-52 36 65 0 17 -8 -68 1 91 -10 -56 -94 -23 -96 69 45 
86 -88 3 -88 0 -16 -81 -9 -37 -40 30 74 21 -71 -96 57 
-53 -61 -97 -10 -44 10 -31 -94 -68 -90 -23 -70 52 -54 -51 -61 
48 -19 92 52 -87 8 86 59 36 -64 32 50 -94 12 15 11 
-30 9 -27 -6 -52 12 83 -78 55 47 -66 43 70 -40 -83 -45 
-91 -90 -95 10 -37 -18 -67 2 -13 -43 1 -74 -5 -2 -22 42 
-48 -65 44 -35 -7 95 -54 -78 -4 -14 -91 -27 -90 -31 52 68 
95 11 -69 -53 29 16 47 60 24 -80 -96 -81 -34 79 0 -25 
79 52 59 -99 -13 -77 88 41 -29 -97 79 22 14 -100 -69 -82 
-19 -52 65 30 -39 63 66 34 -93 73 54 -76 92 87 -15 -39 
-50 90 67 12 -37 63 -38 -88 -83 54 -77 -24 93 -14 49 -63 
-41 40 13 43 38 43 -74 51 44 -80 66 45 85 21 -74 48 
13 -9 91 -14 47 -11 -86 -42 -56 -81 -70 -38 -13 -5 -73 54 
-99 -40 -84 -22 -28 44 -52 0 -76 -20 -98 98 50 51 39 44 
68 20 -36 21 1 -93 -88 67 53 97 27 85 -64 -2 12 60 
32 -3 -40 76 -61 26 12 -1 -15 -34 55 -52 -39 47 -69 -10 
60 -39 22 -73 -81 -6 -20 87 -75 -59 -49 64 -20 69 -63 -28 
54 -4 -63 16 83 84 -43 -38 -51 70 -97 98 -76 -78 99 -19 
19 86 -88 -72 27 34 69 -37 -82 -13 77 27 23 -82 -2 68 
-80 88 47 95 -20 84 -24 -39 86 76 -42 36 41 51 -33 -54 
-78 19 18 22 83 -93 51 30 -86 -37 -42 14 -31 -6 42 -10 
-98 -8 -8 -48 70 96 -44 98 14 -16 -61 -77 18 20 77 -29 
97 -97 -98 -45 -55 68 -9 88 -65 77 50 -54 -14 -55 46 42 
17 75 -9 3 -7 57 -94 71 35 82 -57 -35 -10 -21 -32 74 
-79 4 97 -17 -100 -26 -23 33 63 96 -16 -50 -22 59 41 -82 
-1 -70 -38 -24 -11 -58 25 72 -33 -23 -30 85 -11 81 -2 -1 
-16 -32 46 40 -61 -15 88 -14 -15 69 1 2 -54 -40 -52 12 
-70 -67 2 80 -5 97 -62 51 41 -2 -69 -56 -50 54 -80 -48 
