18
-40 68 -5 40 48 -35 93 99 -59 68 12 23 -80 39 46 76 -24 -20 
78 66 81 -64 61 58 73 25 42 -48 -61 58 -59 -33 40 -41 -32 38 
-54 -22 -49 -86 -78 -51 -94 76 -67 -7 8 92 83 87 -2 62 49 76 
-71 36 -41 58 -8 28 -13 -43 -74 -60 -41 19 94 -29 -47 -72 15 41 
34 24 74 -30 18 54 26 70 50 -75 84 13 1 -27 6 90 11 17 
-19 5 -42 -50 66 -75 -57 -58 13 86 53 54 -44 47 28 -11 53 -9 
-99 -74 83 -86 52 47 -10 -66 -61 -85 -18 83 -75 -91 80 58 -52 78 
-62 12 -9 -55 -68 -25 62 -3 -25 61 -24 27 19 -59 48 -88 91 -10 
19 -35 -20 25 -75 -2 95 -57 13 95 2 75 -82 45 -51 -56 23 -4 
-29 6 29 37 -72 41 62 -93 19 27 50 -10 -52 -76 94 7 -73 95 
-39 -83 17 -42 99 -81 98 56 -38 -37 92 -70 6 -49 -76 28 -32 22 
94 -26 87 85 45 74 3 70 75 -61 -99 21 78 63 -58 41 37 -87 
-41 -19 97 -22 -95 -56 87 73 -42 17 -12 -32 -40 -97 42 -95 33 -95 
-5 -55 -70 33 -77 20 16 -26 19 -39 -100 -30 -62 -49 17 -31 -1 96 
-93 -29 -59 37 79 -76 6 -70 -51 2 35 12 -35 62 -30 88 57 -1 
-6 -91 95 -77 43 -67 27 80 -39 -88 82 18 -21 -22 -7 -34 54 14 
47 86 24 -5 48 77 90 30 68 6 53 56 -25 88 -16 49 -22 77 
-48 68 18 -21 -30 -3 72 90 53 -31 17 15 52 -75 -41 72 -38 26 
-33 -79 -18 -41 -100 -97 26 -49 -28 -77 -90 5 -15 -7 -78 29 67 -54 
-84 69 61 63 -89 -76 69 79 13 -47 63 34 -83 -9 -52 -34 -88 24 
-57 42 17 -80 -64 66 52 -93 21 -46 1 65 -66 30 80 -16 -33 66 
46 -21 3 85 -23 -61 87 -53 -7 11 -35 -20 -96 80 -77 -33 27 -16 
-13 -53 41 -86 4 63 11 95 73 -17 29 63 -40 -14 -99 47 5 35 
41 89 40 -27 -35 45 60 -70 37 -57 -14 37 64 81 14 -33 -98 10 
-65 -97 51 -81 77 61 -76 17 -42 -71 17 -81 -6 -73 20 37 48 -10 
18 -67 72 -7 15 -74 -78 -66 -25 -78 31 61 82 44 -33 83 -9 -15 
66 88 -20 54 -5 -51 13 -37 -78 2 -37 -89 -79 -33 -57 60 -95 -22 
-96 -36 -27 -8 48 99 -9 71 22 23 -70 -37 -56 -18 97 -41 6 47 
86 -73 -17 28 4 68 -66 -3 81 88 5 -79 31 -38 85 -39 98 -68 
-83 -83 -89 -61 49 83 74 55 93 45 88 -60 98 91 63 -9 -41 -96 
58 69 92 49 2 -71 75 -76 -15 -36 -95 -91 33 26 -52 55 5 10 
52 57 30 95 -34 86 -8 29 47 -22 6 93 -18 -38 -69 85 86 -21 
-62 81 -30 53 -63 71 -70 -31 34 -62 85 -95 -14 36 7 -64 -91 98 
-3 98 -6 67 30 -36 10 -31 68 -49 -97 67 -45 25 -5 58 74 -59 
55 34 16 -12 -27 11 49 -60 -97 33 49 -56 41 73 -9 16 44 -42 
-82 98 -11 42 -32 -71 86 -96 -4 -43 92 90 82 -5 -63 -50 -20 15 
