458 741
010010010100
000000000111
110111010111
111111010000
000101011000
111101110011
111111101011
111011010000
110111110001
101000011101
000100110111
000001011111
010100011001
111110010100
001110010010
111001111000
001011011101
000011001001
110000000010
111110010011
011111011011
001000010001
000011010100
101000100000
110110011010
111111101001
111111000011
010110101000
110000111001
001001010000
000000000100
101101000110
011110100100
000011011101
000011100011
001011110111
010100110110
000011111100
010001011001
110100100101
001111010000
101000011010
000101001100
001001111000
001000011001
101001001011
101101111011
110010111011
001100110001
110001110011
000100000000
011110001001
110111001110
100100101010
010010100011
101111101111
001101010010
100100000011
101010110010
111010001011
001000110010
001000101001
101001111111
110011001101
011101011010
101010111111
011101001001
100101111011
000011110000
111011101110
001001111111
000001010101
011011011110
001010110110
001011101100
001111101001
010000010011
111001001011
111011100000
011011100110
010011100010
100100101100
001010011011
101000011001
000010010111
111110001101
001101011010
111110101010
011111110000
101110100111
101101110001
010010011000
010001100110
001010011011
110010001000
100111011110
111100010011
011110100101
000011011001
000001000111
111101011011
010110000000
100101010111
110001100110
110110101111
110101011001
111010001000
010111000110
000100001100
101001000001
101111001011
001111011111
000000000110
010111111011
010101101100
100101101100
110011110110
100010001011
011101110100
011010000001
111011110000
000010001000
010111000001
111101101101
111111110000
110111000110
100001110001
000001010101
001000110110
010010110000
101111010100
111100011011
010110101110
010000011101
000100011100
110001110110
101011110010
011101101101
010000010111
011010111000
010100000100
100111010101
110110111101
111101011000
100000111000
010000101111
010010011011
000101010011
001010100001
000111010110
011010111010
110110011110
011000101010
100011000111
111000011010
000011000001
001010011110
101000001100
010010110000
001010000100
111001000010
001111111010
010101100000
010011000011
100100101010
110110111101
101100000010
000000011000
010010100011
011010000001
000101000001
011010111011
011101001001
101000101101
100100011101
000100000100
110100000011
010000100110
110100100110
010011100100
110111000001
111110111010
110000000111
011101011100
111010011110
110101011001
100010001101
000111110101
110010100111
111011111101
000110001000
011000111000
111010110101
000100000100
110010101010
000000001011
010000110101
110011101101
101001010011
000010001011
101011000110
011111011001
101000110011
010011010001
100010100100
101001100101
011011100001
001111101100
000011000101
001001101010
011101101001
101111001101
000001000100
110011101011
011101111110
010110100001
100001101001
010101101010
010010000001
101001000000
011110101100
100001101001
000010111001
011001010110
000111011010
001001110010
110101000011
100101110110
001100110110
111110010001
110101011101
010011000110
011011100101
000110011110
000111110001
110110010011
011000010100
011111001010
001000010110
111001010101
101011011101
000011001001
100000111110
011101001100
011111100100
001110111001
000110001110
001001001110
101001000001
001011011101
101000110001
001001101100
010100110000
110110010010
110101100110
100010001010
000001010100
000010010011
011101001011
110001001100
111110100010
110011111011
110000011011
001000000101
000101111111
111110000100
110101101101
110001110000
000010111101
010110001001
110001001011
000010100111
101001100000
101000100101
001011111011
111111001101
100110010010
101000111110
010001111100
000001010110
010101000000
101011111100
001001100110
010001011100
010100100110
000010011011
111001100110
110101001000
001000101001
111101110010
110110100100
110101010011
100101100110
100110111001
101100010101
011100110100
101001011100
111100001110
101010000110
011101110100
111000001000
001010011101
000110101000
110010010111
110000100111
011110101100
111100001001
101111110011
000100111010
010100010000
111100001001
110001001001
100100110100
110010100010
110000111101
001011000010
100101101101
000110010111
110101111000
110000100110
001011000000
111011010011
111101101110
011011100000
011010101100
010101100011
101000001110
101111110101
101100100001
001110001110
000000110101
111001101000
100010010010
111100011111
000110100001
000011100010
000011100111
111111011010
000010110111
011001100011
100101100011
000010111101
011001111101
000001101000
011101001001
110001111111
011111110101
001100011110
011100011100
001011110110
110001000111
010100000111
101110101110
110110011000
100101110001
010111100011
000101111011
100100100111
011010010001
100101011111
101111010111
010000110000
110101011010
111110010010
011110101111
000101111000
101100101010
011100010100
001101111001
110001100001
000110100111
010011100110
101101001011
111100001101
001010100000
101010101011
100010110110
100000011100
010101111110
111001011010
101011011011
100111100100
000111101101
000101011000
001011110101
001011111111
110001101000
111101011110
000111000110
000101110011
110111111110
011100100010
101100000011
100001101011
010011000110
000001100100
110010111110
110111111010
100110100001
001110100111
010011001000
011011011101
111101010011
111011111000
100110000100
001010101110
000100010001
001001100011
101010100110
110110001101
111100011110
000010101111
111011101111
110001100111
100111001110
000111010010
001000110101
101010001010
101101101001
001011100101
101001111001
100100010110
110101011000
111010110100
001001010100
001101110110
111101101111
010000001101
111100111000
100111011111
110000011110
101110100111
100011100110
110101111000
011010100101
010011100110
001110011100
110010110101
011001001010
010100001000
110110011101
001000000000
000000010001
000100001101
010010000100
100110011111
111010011010
010000001010
101010100011
010111010011
111000010111
000001110101
000011100000
101110110111
000010111100
010000110001
111100001000
110000001011
xor 392 72
and 90 371
and 7 452
xor 129 73
right 91 35
and 110 408
and 419 55
or 93 94
or 237 150
xor 359 197
left 439 31
or 137 222
and 128 263
and 141 426
or 288 94
right 166 10
or 352 165
left 355 32
right 323 43
or 95 6
xor 409 21
right 337 36
and 246 286
or 115 3
right 92 45
or 258 457
and 374 386
and 87 283
xor 387 182
or 413 312
left 178 49
xor 75 210
xor 194 456
xor 153 113
left 80 3
right 135 3
and 394 379
or 394 43
and 262 6
or 235 453
or 214 173
xor 248 249
xor 440 19
or 36 172
xor 94 286
right 20 43
right 403 13
left 256 37
left 392 19
or 286 400
or 35 190
left 114 28
left 370 2
right 199 49
or 142 229
xor 325 249
and 89 194
xor 266 450
or 29 418
left 289 39
xor 87 316
xor 92 430
left 346 40
left 161 26
and 149 294
or 0 161
or 306 284
and 121 93
right 298 8
and 183 445
and 44 108
right 129 40
right 229 8
or 394 284
left 201 41
xor 238 9
left 67 47
or 124 13
right 173 59
xor 217 70
xor 50 148
or 199 278
left 355 7
and 429 53
xor 163 255
and 191 35
and 415 136
or 42 260
left 219 26
xor 129 227
right 26 28
xor 65 53
and 339 442
or 278 413
right 42 34
xor 274 310
xor 58 301
left 191 51
or 371 173
or 370 302
xor 16 328
and 269 427
right 375 9
xor 107 129
xor 385 205
or 1 56
xor 111 114
left 426 1
xor 51 286
right 212 38
or 142 249
or 385 94
xor 257 11
left 113 61
and 383 80
and 348 81
xor 164 227
or 316 195
right 422 18
xor 242 34
right 365 26
and 425 137
or 421 428
right 268 48
and 278 43
and 70 391
right 341 18
right 337 8
left 213 52
and 410 231
or 347 172
xor 109 139
xor 423 103
xor 324 405
right 379 32
or 55 330
xor 271 213
xor 290 126
left 46 32
xor 116 292
and 220 215
xor 111 324
left 139 5
and 137 223
left 254 30
or 414 200
xor 49 47
left 275 56
xor 33 418
right 271 51
xor 283 331
right 42 30
xor 399 123
xor 11 295
xor 29 125
right 306 41
or 456 198
xor 429 49
xor 36 82
right 18 22
right 325 59
and 424 289
xor 388 265
or 252 276
right 339 49
right 146 4
right 154 50
xor 243 191
or 212 261
xor 175 313
or 182 181
or 96 181
xor 452 111
left 50 45
left 435 52
right 29 11
or 230 189
and 172 432
and 163 220
left 236 1
right 308 19
and 134 249
and 250 278
left 207 58
and 441 306
right 132 35
right 435 8
right 110 30
xor 434 19
xor 103 289
xor 86 139
left 284 32
left 205 60
or 238 342
right 244 5
left 70 17
xor 390 10
right 440 40
and 41 130
or 353 233
right 145 62
right 125 0
or 354 386
xor 437 166
right 390 50
and 226 90
or 7 56
left 388 61
left 235 26
and 101 9
right 290 33
left 195 32
right 408 20
or 298 189
left 105 3
xor 272 381
right 437 2
xor 223 352
or 162 163
right 232 22
xor 111 97
right 310 16
or 231 277
and 115 151
and 164 256
xor 234 70
left 394 20
or 152 307
and 442 45
left 387 27
or 342 388
xor 62 274
and 62 82
left 306 59
left 315 5
or 446 137
right 76 43
or 128 260
right 143 32
left 288 27
right 273 6
left 389 0
left 339 43
or 177 99
right 131 3
xor 342 437
xor 234 89
xor 175 251
or 0 395
right 362 51
right 51 38
left 197 15
xor 160 378
right 238 47
right 22 45
left 201 27
right 93 7
left 93 5
xor 353 167
and 399 71
or 161 156
right 48 20
xor 124 124
right 451 18
and 454 384
and 447 161
left 454 15
xor 91 382
left 438 2
right 332 21
left 451 32
or 220 39
xor 28 163
right 215 31
right 41 17
and 164 176
left 434 48
left 204 22
or 141 278
xor 245 187
and 454 180
right 362 47
right 233 49
or 229 220
xor 129 295
xor 447 35
left 45 28
right 356 50
xor 202 392
and 325 213
right 244 0
left 120 22
and 68 415
xor 180 220
right 25 27
right 57 51
left 334 58
or 325 351
left 190 17
xor 333 454
or 240 275
right 327 39
right 425 15
left 104 18
left 4 13
or 234 337
left 41 43
xor 352 114
and 31 338
and 137 247
left 456 29
xor 69 390
xor 322 391
right 74 16
and 47 42
xor 438 276
and 285 351
xor 161 279
or 388 345
left 320 8
left 215 38
right 418 55
or 135 447
left 349 53
and 325 145
right 88 49
left 223 22
left 112 34
and 150 112
xor 67 9
left 266 14
and 37 218
xor 198 387
right 326 16
and 35 145
left 278 10
or 373 33
and 362 145
left 207 3
and 396 431
xor 152 239
xor 421 276
left 358 28
left 249 33
or 272 446
right 406 6
left 275 33
left 131 32
right 168 59
left 352 15
xor 121 61
right 114 35
xor 394 417
right 145 10
or 208 57
left 417 7
or 12 315
and 132 446
left 398 32
and 77 85
right 221 50
left 180 15
or 416 325
left 245 56
left 26 16
left 288 2
xor 391 294
left 286 29
right 369 11
and 423 54
or 353 275
right 378 31
left 4 8
or 47 269
or 366 329
xor 285 159
xor 243 127
right 58 15
xor 319 393
or 312 358
or 425 287
or 354 207
left 180 27
right 399 28
and 172 201
right 233 6
left 85 49
left 231 57
xor 380 224
or 14 112
left 160 17
and 157 9
right 219 47
left 272 34
left 135 36
left 362 6
and 291 197
or 380 4
xor 1 384
xor 49 432
right 32 56
xor 302 359
left 321 28
and 94 392
left 194 4
xor 36 8
xor 331 333
left 14 14
or 61 291
xor 331 341
or 290 407
right 329 55
and 411 148
left 258 55
or 304 13
right 229 7
right 265 24
left 75 13
left 380 30
xor 154 431
right 393 36
left 343 5
right 193 62
xor 198 414
right 172 41
or 283 32
and 403 331
right 399 26
left 226 39
left 311 41
or 347 28
xor 332 405
xor 144 141
and 105 373
right 342 13
or 135 405
right 11 40
xor 301 325
and 173 94
or 110 439
right 89 41
or 332 237
xor 320 416
right 6 13
left 141 13
right 112 38
left 150 31
right 95 17
right 22 8
left 347 34
right 340 40
xor 362 320
xor 332 183
xor 18 223
right 78 42
and 294 87
left 456 15
and 87 366
and 78 422
and 162 345
right 296 58
xor 335 132
xor 154 6
or 422 25
left 296 31
left 151 51
right 122 40
and 255 93
left 427 61
and 353 402
or 178 240
or 414 118
right 89 54
xor 439 270
or 97 108
xor 153 259
left 330 24
right 320 43
left 218 33
xor 114 112
xor 390 290
left 436 13
left 157 30
right 376 6
or 196 25
or 119 212
or 84 84
xor 21 404
or 120 164
left 390 60
or 180 279
or 210 257
and 393 448
xor 389 366
xor 232 104
and 218 258
xor 39 342
right 276 20
or 302 94
left 54 60
xor 376 240
xor 106 26
xor 118 419
or 42 385
and 352 193
right 263 57
or 386 60
right 135 6
or 288 181
or 215 269
or 454 187
xor 57 327
right 409 3
and 293 29
xor 86 415
right 52 0
xor 275 182
or 417 351
right 75 53
right 285 56
or 97 427
and 217 60
right 364 61
and 48 338
and 151 1
and 23 53
left 375 48
xor 296 288
left 163 37
right 245 13
right 138 48
left 218 14
left 201 12
right 206 62
and 241 289
or 267 312
and 89 264
and 128 136
right 61 43
xor 209 86
xor 329 258
right 419 38
left 178 47
xor 407 36
xor 58 277
or 168 120
right 365 9
or 8 372
left 398 55
xor 269 218
or 399 89
and 427 50
right 148 59
left 382 24
xor 297 270
left 42 10
and 134 413
xor 32 421
right 66 33
right 433 34
xor 4 147
right 291 41
left 172 45
right 341 23
left 87 38
left 111 57
xor 288 273
left 217 2
or 94 440
xor 438 450
and 118 30
right 312 40
right 132 2
right 249 39
or 86 75
or 227 186
and 416 16
xor 102 268
right 243 42
left 288 47
xor 116 71
xor 125 383
and 285 91
or 320 340
right 154 4
left 51 33
left 121 15
and 41 357
right 300 3
left 84 25
left 318 27
xor 159 282
right 321 9
and 130 5
left 419 38
or 324 245
xor 450 401
left 134 52
or 154 352
or 112 437
right 24 15
right 7 4
or 407 388
right 17 22
right 2 29
or 23 380
right 307 22
left 389 38
or 439 236
right 173 12
right 441 60
xor 409 379
and 235 363
and 204 414
right 213 40
left 416 51
or 441 357
or 442 322
right 4 19
or 376 53
and 303 36
left 103 13
xor 428 222
left 225 55
right 117 20
or 30 209
left 357 30
and 140 210
or 5 248
left 106 26
left 165 7
xor 105 149
xor 35 119
left 327 49
xor 152 4
left 4 0
and 329 425
left 129 25
left 285 6
or 321 286
or 410 451
right 78 57
or 225 168
left 170 23
or 119 258
or 284 262
or 268 167
or 20 296
xor 440 157
left 227 37
or 181 431
right 146 53
or 294 310
xor 103 57
and 292 176
left 60 4
left 355 48
xor 158 358
and 137 340
xor 295 110
left 248 7
left 262 1
left 409 29
or 300 20
or 262 312
right 59 57
and 151 270
and 377 4
left 50 29
left 339 39
and 191 295
or 85 99
xor 30 84
left 319 40
right 208 58
left 306 13
xor 17 433
left 31 26
xor 404 12
right 235 24
xor 244 119
right 86 50
or 433 268
xor 205 130
xor 31 372
left 170 6
right 292 59
xor 192 303
left 165 9
and 279 94
left 440 62
xor 438 424
and 111 399
and 292 180
or 433 245
left 372 4
or 135 284
and 365 19
xor 99 218
or 304 73
xor 436 55
left 264 49
left 331 34
right 208 26
and 249 23
right 204 17
left 413 25
and 436 14
or 338 114
xor 99 452
left 378 22
or 147 271
and 340 178
xor 16 386
or 398 211
left 76 45
and 237 370
right 225 29
xor 266 297
and 67 397
right 399 3
xor 328 41
and 360 381
xor 114 432
and 340 372
xor 199 24
and 454 296
and 391 63
or 377 330
and 19 397
or 147 339
right 282 59
or 229 180
xor 389 294
or 52 211
left 385 16
left 216 46
and 28 408
left 223 63
and 258 347
or 265 36
