258 136
0110110110110100
0100000111001101
0110001100000010
0100000100110100
1001011001100000
1101100110011110
1001111100100000
1110100000111100
1010110111001000
1111111111110111
1110011111100111
1000100011110101
0110101001000111
1000001110011001
1110110101100100
1001010100010011
1000100111000001
0000001001101000
1000000000000000
0000110100010011
0100000000000001
1010101101001101
0000000011011000
0001000010011001
0000100010110010
0010010110001101
1000000010110000
0100100000111111
1111101000001001
1000001000001110
0011010010000001
0000011011000100
0110011011010010
0110001111111111
0011001101100000
1111100011100010
1111100101101000
1111111101101110
0011101110110110
1110001111110010
1110101010111110
0010101011111110
0101111011010110
0001101011000110
0110100010110110
1010001111110011
0011111001000101
1101110100000010
0011010000001011
1100011010110000
1101001001011000
1100000101000001
0000011001011011
1111110111111001
0001111101000111
0010111001101111
1100001111110011
0011100011001100
1011000001101011
0010110000111100
1100100101010110
0001101100101101
0011111101000110
1110010011010100
1110001010101001
1011110000101101
0010011010000011
0111010111111001
0100010110011101
0111010001111111
0101000110000010
0010110011100001
1001000110111111
1111001110001010
0100100011100110
0010000000010100
0001000101100000
1111111011110110
1100001011001100
0100010111011100
1001001111100011
1110011100111100
1011000100000111
0010110011100111
0000100100101101
1111011100000110
1100001001110101
0001110000001001
1011110101100110
1011101101101111
0001100111111100
1110100001011101
1101100100011010
0101101101110100
0010011011100100
0111111100011010
0001111101100000
1010100100001101
1001100111011010
0011111111101100
1010010110000111
0001110010101101
1010111010101011
0101111010001011
0110000001001111
0001101001000010
1001011101100011
0001001010010101
1000101010000111
1101100100000011
1110100100110001
1011010010011110
1000111110010010
1011110010000101
1110010110101000
0111011101000010
1001101110100100
0110101101100001
0110101000001001
0111100101001011
1011001000010000
1111010000011110
0010111111110101
1101111111100010
0011101010011010
1110000011001101
0111100100010101
1101001110101011
1011010010010001
1001001100110110
1010110010110100
0110100111010110
1000100111011111
0111110010010111
0101000101010000
1110111011110110
0100101110010011
0011101110001100
0000101000000110
0011100011000101
1110101101110010
0101100010101111
0011000111001100
0010110001011101
1010011011000001
1010110111100110
1000010100100011
0011001110111011
1111010011111011
1011000101111000
0110011110100001
0101100111010110
0101010111001010
1010011011110011
1100101001011010
0000010111010101
0011110100000000
0110011111110101
0001100110110001
1111011100011101
1000101011111100
0011100101000011
1010000111101101
1000010100101010
0001000011001100
1011110111100000
0011001011000011
1010110011110110
0110100001101000
0111011100000010
1000110101111101
0101000001101000
0101000000111110
0110111000010110
0100000001101001
0101011110011011
1111011001011011
1110001101011101
1101001110000100
0100111001101010
1110101001111111
0101011011001100
1100111010101011
1101101010001000
1110000101111100
0011011111101010
1011011010101110
1010111001101000
0110100011000101
0011110101111011
1010110001000110
1100001011101010
0011111100111010
1101111000010101
1100001100011110
1100011101001010
1010001011100001
1001010001011001
0110100011011110
1111001010000010
1000001111100000
1111111011111010
1111101010000001
1101011110001110
0011001101101111
1101111001011111
1011101100010101
1000010010100011
0011101101000111
1011111000000011
0001010101110101
1010101111111100
1110001110011000
0110001111010111
0010001111000110
0000001110011101
0010010100001110
1101100001110000
0110010110111010
0111110101011011
0000101101011111
0010111000100010
1110101111010101
1111001100110011
0001111011111000
1110001000110100
1000011100010100
0100011010111001
0010101110111111
0100011110110101
1110011110001010
1100011000101110
0100001100100001
0010010011010011
1011010011011001
1001101001101110
1111011100000011
0101010011000011
1001000000000001
1001001100100001
1001001000100111
1011000000100111
1100100101000110
1010100101000100
1000000000001001
0011011011010011
1101000000010101
1101111001110101
0000000011010001
0101011100001010
1001010100100110
0111000010100001
0111010011011101
0100000101110000
1111001111100100
0000101101001100
0011000111010011
0111111101110011
or 246 150
and 26 140
xor 233 204
left 62 14
right 251 25
and 8 47
or 49 138
and 143 210
right 34 47
and 256 176
and 106 156
right 74 28
or 18 149
or 121 203
or 147 188
or 31 188
left 138 19
xor 27 122
right 183 3
right 57 49
and 191 246
or 208 62
right 100 62
left 196 36
and 67 75
right 233 16
left 188 24
and 15 255
or 44 180
or 154 238
and 174 163
and 84 105
and 176 206
left 143 58
xor 55 195
xor 147 170
left 177 4
xor 178 99
and 36 143
right 51 29
xor 198 197
right 82 9
xor 13 191
and 25 76
or 222 131
left 229 20
left 67 43
or 142 102
or 207 138
xor 194 182
xor 161 122
or 17 196
left 244 40
and 154 227
xor 192 191
and 167 154
left 55 42
right 28 4
or 100 47
xor 49 241
xor 38 136
right 217 1
or 161 140
and 30 28
left 234 52
right 54 27
right 136 31
and 141 189
or 249 31
xor 229 80
xor 133 111
or 159 62
xor 107 215
and 8 245
or 127 214
or 172 10
or 114 138
and 11 13
xor 7 4
xor 43 233
right 54 28
right 201 23
left 244 15
left 153 43
left 90 10
right 239 25
or 244 249
left 151 42
or 256 2
left 125 45
xor 59 83
right 104 28
right 211 19
and 9 158
xor 45 241
and 36 214
right 30 6
left 153 26
or 32 84
left 174 19
right 25 29
and 234 107
or 187 53
right 233 34
left 122 63
left 240 40
right 226 28
xor 204 45
xor 176 78
right 150 10
and 153 11
or 231 237
xor 77 167
or 187 134
or 181 257
left 166 57
and 99 191
left 217 21
left 171 23
and 201 197
and 167 84
or 127 57
xor 195 135
xor 50 56
right 218 51
or 219 137
xor 82 228
right 95 44
or 153 93
left 32 27
left 146 0
right 14 17
or 111 245
or 117 29
or 241 239
left 115 24
