300 256
01101110100101100011101101001111101010
00100101100011100100110001111011101101
01100101100111010001111100111110100110
01100011111101000001101000101011101000
11000010010111100101111001011010110100
10111010011001111100010010101101010101
00011000000000000100101111111111110001
10110110100001011110001110111100111100
00000010001101111000111010101001011011
01110001111111001100100010110000011010
01110101110000000111011001010110011100
01101101001111010000001100001001011110
11000010111111010011001011001100010011
00111001110000011111000000100010000010
10111101111001001001001100000111101001
01011001011001000000101011001011110010
11001011000001001011000001100111010011
10110001011111111101000100000110111010
11100011111001000000011011101000100101
00010000001101001110100001000011000001
11100010011110100110101011010101001000
00111110101000010111110100110110111000
01011110001110010011111110001001111000
00000100001100011111101000111111101110
00011010111101101100011010000100111110
11100011001001011101101000111010111110
11101111110100110101011101010111001001
11000001000010101110001010010001101101
00100000101000010010111110100100011001
01101100100001010101100100111111001101
11111001100110101000111011101100010110
11110010010111010101010000101100010001
00001000101111111111100110110101111111
10101000111000100001110101010111100110
10111010010101000001100000101000011111
10011101111100001000010000110101111001
11001001111111111100001110000001101010
10101110001010001011011010101000001110
01110010000111101010000100110000111111
01101110110010001100000000101011000111
11011010011011100101110010111000111110
11101110110111010111001101010111011100
01000110010100101111010100010010110101
00101100101011101101000001101001011001
00100110101100000011101110000000010100
11001001001000011011010000001000011111
00010000110111011011110110001001000000
01010101011110010010000010010001000010
11110011111001000110111101101001100101
00110111110011000011111100100010000011
11001111000111010010010000000010110001
00100110011111111110100001101111011000
00011110101000000011011001101101101000
11001110110111001010001110100101010001
01000110101001010010001110010000110000
00010111011011010110110110010110100111
01011011111000101000101110111000101100
01011010010110101000110111010011010110
00101000011010110110010100110010000101
00010011110010000001101000011001000000
00100110111100011011110100011011001110
10100110100010111001110000011001011010
00010010100101001001001010100011010111
11110101111001001101101010011100001111
01011011000011110010001000011001100001
11011100001101101100010001001100001111
00011001010011111100011011000100101101
01101011010010000110010001010010101100
00101011010100100110001100111001010101
00010011000000010001011010111100001010
11011111010010000101001001011110101010
01000100101011001011101000010100100110
10000010000011000100010011000101011010
11011110011011110100100110000101101000
00110010011010111010101110001001011000
00110011010111100110100010101101111000
10111001110011001101010010000001001101
01001001011001011111111101111011110110
01110000101010111101111010111110001000
01011110010101011110011110000001000100
00101110001100001101000010101101111100
10001100101111110111110101000001010100
11010001100111010010010110010011100101
01110100011111100000100001000011010000
10100111101100010001011001100101101110
00011111001010100101100011001101111000
00010110011001001101110101011001001100
10000010101110011000000011000011011011
00111111010110110000101011110000110001
01000101101100010111010011011011111111
00101001111001100110010100101010010110
10101010011010101100110110010101111010
10000101100100111011010001110101101110
01000001110100000101000011000000101111
10111110011001010100110011001100011100
10100100001101011101011011100100010010
11000110000000010101000000011110000110
11011011111101011011100101110011111000
01011001111111110001101000110110111001
11100010110001011010100101001010000000
00100010101110111100110110111011010011
00011100010011100000110110010100100110
11111110110110111011110101000100111000
11011110100011010010010011111010110011
00000110100000100110010111110010011000
11011101100100001100100000111100101011
11010010111110100101111110110100001011
00011100101000111111010010110000001111
11001010101011110111011011010101001100
01111011010100110000101010001111001000
10110111011011001101100011001100111100
00100010001111101010101100110110000001
10101110111010001000100010010011000011
00010110110011011111101010010010010111
10000011110101101000000100001101001000
10101010010010011010111101110011011111
11011101011110011001101101010101000110
01011101010101110100101111000100100000
10111011110001011011010001101101110111
01101101011101100101110101010000111001
11010001000011010011111000110001100101
10111111011101111110010011011000001110
01001010001101111001111011011111011100
10001110000010000100011001101100111100
10100000100100010000011101010011001011
10111111001100011001101101111010001101
00101100010100111100111001011001111001
01010011101100110110001110010101010011
11100101100011000100001111011101011110
00010100101100001111110101110010001011
01110010000111000011011111111101001000
10111000000100010011100100111110101111
11111101101010000001111110101010010100
01001100100000111110111111010010010111
10100100011010101011010100101011011101
11001100000110110111111101010001101010
01011110111000111111010011000000101001
01011101010111111000000111100110000010
11111000100000001111010101101000011100
11011010011101101110101101000001000101
10011000111000111100100110110101110111
10011010111111110000101011100011110000
01111000111110100111110011111111100001
00011101100101001110100011111101101111
01100110100001001110100101010100010011
10111001011000001011101101110001000100
10100101111111100111011100101100100010
11000111100011010011100111111100001010
10010000101010011111100110100001010011
10100100010101000101101111001110100110
00001011110101011101111000100010010011
10000010101101011010111011111001101100
11100111011110100001010001110101111101
00001100011001101010110101000011011001
00010100100101001111100010100111000011
00101100011100100011010000011101110100
10100101000110010100011001100101011011
11110000101111001110110000110001111111
01110011100011011011011001010100000101
01100010110000111001110011010000000001
00000010000011111101000100100100100011
01101011010000101100000001011101001001
10011010111111011010101000010001100011
00011011100001101101000111111001010011
10011010001001000110000111011110110011
00110111110011000110101000101011011100
00100111110011001010101011100000001010
10000110010111100001101111100001001001
00011100000001011110111001000010011100
10000011000110000010011101011110100000
10011111110100010000011101101000011001
10011001100000101111001001111001010110
01001100100010000010110000101011110000
11011111111111011010000100100101110001
00111001011111001000001000101001010111
01011001011011011011101111000110111011
11101010100111100110110011101100010011
01100101100111011001010010110100011001
10101011111100000100011011001010010110
11100101110111001011000000110011101010
10111000000110110101000111101000010010
01000001111101101000111101101001011010
00110101010001110101100010110010001010
01101111010110110011111001010010110101
01000101001111101100000001100110011011
11011100011011011010010100011100101001
00110000000100001011101000000010001011
01100000011110100001001100010101001000
00110001001011011011110000000000010000
00011011100011111011011010110110000101
01101000110010100000011111110101011111
00100011010110011101110101110010101100
10111111001010101110111000011010001010
11100001001100110110010110110110000011
01111110111011110111000101001111000101
11001111010010011001000011000010100110
00100000010010010001011111110110110110
11110010000010100011010111010011110110
01000111110100011000110101011111111100
01100001101100001111001110011011110010
10001000001011000000110011111010000001
01111001101100101010111011001111000100
01001000010001111000001111100000110011
00000011111010001111111010101011010001
11011111101010100111100010111110111010
00111010101010010100111010111011100011
00100100011010100110000111011100100110
11100011110010000110011010011110110111
00110010011011100000110011100110101011
01001010010101000011010110010100000000
01110100100000100100001011011110011001
00010010011111101001010110000101100101
10101011101101001011010001001000111010
10111100110010011011100101011101010100
11010100010101100010110100001001000010
00101001001010110110101111001101101101
00010111010101111101110100111111010001
00101100011000100101011101001001010100
00110101100010100010011001101101110100
00000011011010100100011001000011011010
00110111100100011001111000110100110101
00101110100111001001010011110010000101
11100011111101001011111011110110000011
10011000000111000111110010010110111101
10110000000111111011001100011000101100
11010001110110101101000001000101001001
00101000011001001110111111101011001101
10001111100101010100100110111000010101
11110011110010011110000101000011111010
10110110000010011101111101011110111001
00100011000001110000111111011001010101
00100110100101100010100111110100100111
10110011011101100011010011011010000001
10011000101001001100110010011100111111
10001011010011111110001110001101001101
00001100011110001111100110111101000110
11110110101011110000111111110010101010
01001110011010010101010111101100000111
01010010111111010101100100100010011010
00010100000011001000001101111001100110
11011110100001010101010001000101001000
01001010001011010000100100010010111110
11000010110001001001111010101110010010
01111101110001110001110001101100001111
01101100100111001011100100111111000110
10011110100011111110101001000101001110
11001010100111101101100100110111011111
01100011101110110101000110110000110101
11100001101101101110010010111100010011
00110101010110000100011000100010011000
00101111110110010011111000110010011000
11100100011100000000000110000000110100
00111010010010010100101100100110001100
10100101000010101100000100111011011101
00001100101101000000000110001011110000
01011111111011011101110011011011000111
00110010001010111001111101110000010101
10110011000011010001111010111100111101
10110100011000100100011111010001010101
10001010011010111101000000101011011100
00011110001001101101101111001011110000
01001010011101110000011100010110010100
00111100000011000001100000011011001011
01011101100111110110010100110011110100
01000001100101000000010100001001100100
00001011001001100100110111010010011110
01001011100100111001110010100010110000
11000001111010110011111000101100000110
00000101010101101100110000001110010000
00101010001001001011001101001011001000
00001111101011101111010100100001011100
01010111000110011101101111001001001000
10011100111100111110100010000001001001
01010111000100110110101011001011100111
11011010111101111001100011001110111001
01000011100011011110101100010001011010
01001111100000001001110000110010110001
11001001011101001000110010100110110000
00111101011010100101101000000000010010
11011111100111001001111110110001100010
11010100001010111110010001010011111101
00111110001110010011111000111011000111
01010110001110001100010111010110110101
00110010001010011101011110011011100110
11010110101101011011100001100001110101
11001001111001001010110110011111011111
10000110111110001100111001101010000010
00111010011010000011001001011110101101
11001111110010100100011111110001101010
00000101111111111000100111100010010100
01111110000000011101101000101111101010
01001001100010000100111010100000001101
10110010101101111000001011000011011010
10000011011011001111101110000111010001
10000010000011000100010100000001001000
11011101110010111110010001011110011100
00100011000100110101110000011011001010
11100101011000000000111101110001111000
11101101111111000001100111011111001110
10101011111110110000101011001100110000
right 221 27
and 270 58
left 115 29
or 149 12
right 297 10
xor 93 67
and 112 241
right 43 0
and 97 271
or 263 209
xor 107 130
right 199 4
xor 248 267
right 49 41
and 55 114
and 124 259
left 96 31
or 110 167
left 275 56
xor 193 279
xor 37 138
left 261 34
xor 295 38
or 278 140
right 26 11
left 263 51
left 20 3
xor 18 29
or 152 57
xor 61 2
left 180 16
xor 182 53
xor 36 100
or 157 130
right 96 36
and 252 172
or 68 192
xor 256 210
xor 62 114
or 237 227
right 91 20
and 135 42
right 218 34
right 91 55
left 156 31
xor 116 36
or 199 104
and 201 112
and 285 227
or 126 164
or 22 255
or 257 142
right 246 44
or 86 203
or 5 59
xor 185 227
right 236 34
left 232 52
xor 189 65
left 13 28
and 64 214
and 27 171
left 280 45
xor 63 256
and 81 13
xor 183 198
left 73 23
right 68 11
right 175 52
right 261 53
xor 211 189
right 168 56
xor 267 248
or 179 11
left 47 5
right 26 16
right 180 46
and 213 222
or 78 97
left 257 2
left 79 41
left 220 21
xor 232 156
right 113 48
or 3 187
or 258 213
xor 111 93
or 204 59
right 167 61
xor 191 146
xor 41 278
right 132 26
left 139 6
xor 147 295
and 271 50
xor 187 8
and 184 172
or 87 76
xor 160 243
or 82 135
and 114 228
and 219 60
right 213 59
and 116 151
and 158 122
right 88 41
or 230 246
right 166 33
or 265 246
and 254 80
xor 89 195
xor 254 166
xor 69 132
right 66 32
left 58 10
or 101 246
right 153 1
or 128 95
or 180 113
xor 227 67
right 109 52
and 23 214
right 245 35
and 170 101
and 195 159
left 93 57
xor 53 166
or 259 294
left 3 46
xor 292 153
or 62 14
left 79 41
right 263 50
right 278 37
left 46 20
and 272 245
right 144 51
left 246 10
or 247 13
xor 9 58
or 190 120
xor 31 200
and 86 163
left 124 5
left 15 27
left 117 51
xor 181 108
or 162 106
right 138 13
xor 93 114
xor 201 56
xor 23 87
left 183 5
xor 130 49
right 229 48
left 181 53
right 78 18
or 26 29
left 284 39
xor 8 12
right 90 5
left 45 5
right 199 40
right 217 34
left 232 24
xor 186 217
xor 104 295
left 182 41
right 66 45
left 55 18
xor 210 208
xor 69 253
left 119 57
left 94 18
right 118 58
left 62 12
or 240 149
right 284 39
or 109 202
or 153 257
left 262 24
xor 285 289
right 296 5
right 232 7
and 171 126
or 197 188
and 141 128
or 79 164
and 143 25
xor 264 231
or 203 193
or 102 178
right 255 59
left 13 35
left 245 38
xor 283 280
or 14 121
or 245 252
right 12 55
right 229 31
or 156 66
and 2 169
and 190 176
xor 291 242
left 48 11
or 230 223
or 53 237
left 5 10
xor 225 299
left 118 48
or 47 136
xor 117 139
right 169 37
and 149 73
left 288 25
or 209 103
left 163 9
right 237 42
and 264 139
left 191 33
left 177 12
or 281 173
xor 255 95
right 157 4
right 1 16
or 84 193
and 91 56
left 86 34
right 68 6
xor 49 201
or 259 130
or 57 112
or 294 119
or 64 28
xor 260 29
left 276 13
right 148 28
left 177 19
and 120 163
or 254 213
left 46 32
and 194 281
left 215 51
right 84 31
right 196 43
left 293 48
left 283 28
right 29 58
right 70 50
right 121 13
or 125 135
xor 12 29
right 11 8
and 181 132
left 79 1
left 110 30
