892 356
0000000111010011010000001001110
1111110111100111101010011011011
1001001110010100111101111000011
1000001110100000110011000010000
1000001111010110010100110101101
0110110101111000110000111010111
1000010111001101001000111101010
1001011101100001000000111010010
0101111010110001001110001100110
1011100100010011100010010110100
0011101001111110011001111011110
0011111010110000111111000110010
0110011001111010101010101011001
1101010001011011110111010001110
0001001100111100001110000001111
1010011110011110111101101110101
0001100010100000011100001111000
1000100001101101100000001000000
1001010011110001001001100100100
1100110101001000001100000110010
1010100010011110111010010101001
1001010000111001111001011000000
1001011111000000111110011010010
1100001110101101000010001011001
1000001110011100100110101111100
1001000100111011111111011000100
0011010110010001001110101101110
1111001101011011010100100011101
1100111110100111011111001111010
1011000111011100111110110001111
0100100011000010101010000001110
0110010110110101110100110011110
1011000110110011100110001010000
1011101011101001101011110111111
1010111100111110011111001110110
0110001101010101000111111011101
1101100011100011011101010101001
0111000111011000110011111010001
0110010101111101011110001010011
1101111010111011100011010010000
1100001010101010101110110101101
1011011111010011110000110011000
1000011100001010000000000010010
1100001100101011011001001111110
1001000010111110101000000101111
0101001010111100001010110011101
1010010010101001101111011100011
0100100110010111010111000101110
1010110001111000011100101010000
1111000101010010011110101111111
1010110001011010001111010001101
0001111111110100100111110111110
1000100111001000100001011101001
0000100011101101011110100001100
1001000001100001110001101110010
1011011010011000111100001011011
0101100110111010101101110101010
0011111101011001010111001010000
0111000111000011001110001011010
0011101010011100100100100111101
1110011001110001101001101011100
0110101101001000001011010011010
0011100001101101111000010000010
1110010100001110101101110100010
1111111011010001100000100000010
1010000011110111001001101101001
1010010111001110110101001110110
1111001110110010100000011101111
0001010100000011111101110110001
0001111011110101100000010100100
1000111000100001100000010111011
1011100100001110010000011110101
0001001100011101110010011001100
0101101011000101111110101101101
1100001110110110011101001000101
0010000110111001010110111111000
0001001011100111100000111110110
0101100101000111001001010100011
0011001101001100000001010100011
0010011110111110110111011110101
0000011000101011111101110000010
0100001001101000110011111010000
0000001011110110100101111101111
1111100111001000100000111000111
0001100011001001101011100000111
0101001001100101100110000001000
0101011010110111011111110011011
0101110100110001011100010011001
0110000001111111100010001110101
0100000001111000110100101000001
0100100110001011101001001001000
0000111101100011110011000001110
1100011110100111011000001110000
1111100100000111100011010100101
1100101001000101000011111011000
1101010010000101001000111001001
1000011101101100110110100101110
0100111000001110000110010111000
0101100101100010010001011011011
1110010111100110011010011000111
0010000000100010001001111111001
0100101101001101101000111001110
1000101110111010001000101100010
0100111001110010010010111000110
1111000001111101111111001101001
1100100101000001101110111000000
1101011110110100101011101001001
0101111001000100001010011001000
0000111000000100001010001000111
1111010011011010011001101111000
0101110001010000010111010100000
0101111110101001011101101101110
1000100010001001000001101010100
0011011001001010110110001111010
1110101000011101010100101010100
0010111101011110100000111000110
1101010011000111011000111111000
1100010010010111101101010010010
0100111101101011110001011001101
1111010111011000100101110000101
0111100011010010110011110110011
0000100101110100001010100110100
0000110011101000001001000100000
0110000110011111100000000100111
0000001111000110010010000101110
1101000111110000100111011100010
1101101011001011111100100000111
0011101010001010001100000000101
0011010000001011011101101011111
1101111110101011010011110101110
0101011011110101011000100100000
0110101110100010001010010110111
1001000100001111100010001111010
1101111110111010010001000111100
0001111001000010000001001111001
1010111010010000101100000101000
1011101101110000101010010011011
1100111011001001111101011010001
1011101110101100011010011001000
1000101101000001000011000000010
1100111011011010111110010000111
0010100111000001110100100101010
1111101010001100010100000001011
1011110001000100000100000000011
0101111100100110110010011011100
1110001100110001111100011000100
0110000100010011101101110110110
1100100000100110101000100010110
1001101111011001100110010000011
1110001010001001111000010111110
0010111101100011101001011100010
0000111000101110111110100110101
0010100100111000101010000110011
0001111111001011010000000111010
0111000110101010000001111000011
1000101011010000000011101001000
1000101000010000000010011000001
0010001001011011001011010011110
1111110111110101100000010101011
1010000101111010000000011110100
0010010011100100101101010101101
1000110110010111110011000001100
0100011101101010110000010011101
0110101010110100111101111000101
1100001010100110001100011001000
1001011101011101101011101100111
1110101010101001000011100101010
1010001010111010010010010111111
1111110000110100111001011111000
1110101101011010111110111000101
0101010111011001110110001100001
0111001101110111111001000100101
0111111110000001110111111110011
0000001111101100010101110000010
1101100001000100010111001000110
0001011010010010000111010010100
1010001111101111111100111101100
0011110000101111000101010011111
1100011011010101100101111100010
0100101010011110000101100001101
1111011011000111011101001100001
1110001011111010000001000111110
0111100111011101101110011100100
1100001110001101010001010100000
0100101000001110001000010110010
0010110010001010011011001101111
1000100110011001010001010111101
0010010110100111100111100111010
0001011100110001001111111000001
0011001111001100100001110100101
0001010101000101001000000100100
1000011110111010001101101001101
0001010010101001000101010110001
1010110100000001100011100010011
1011101000000111011001101101010
1111010010100010001010011110111
1000100111011001011101111011000
1011111100100001010110011100101
0001010111011000111011100000101
1010000101010011110001101101001
1001111011001100010011110010011
1110000111100001111101111101010
1000100001101000110011100100110
0100010011011011101110111011101
1100010000011000100110001010110
0000011111100000100011010001111
0110001110010011011000111110101
1101101011100111100001110000101
0110111100000011110111001101000
1111000000001010000111010111111
0001101100101011010101110001011
0010101001110100100101001101100
1011111100011011111000100001101
0000101001110101000101001000111
1111110110000110010111110110001
1011101001100010000110000101100
1010101001101101001101000101111
0110111110011110100101101010100
1111001111101101001101000111011
0101100110011110010111001110111
1011111001100011011000001100011
0111000110010001110100100000011
0001110000010010110011111101010
0010100100110100111100101000010
1111011111001010101011110010000
1000011010010000111000110100000
1000101110100010101101111011011
0000101011111101100001110001001
0010110101011000101110101110111
0100010110111111010001110000110
1000000110001011011010100101111
0110111011111110101010100101000
0101110101000110110100000110110
0001101100101111001111110100010
0011110011000111101010100010101
1001011000000100001011010000111
1110101010010010011101101101111
0100011001110110100011110111010
0010001101011101011100010100110
1111011110111010000100011101111
0110101001110100110111110011100
0110001000110010001100010001001
0010011111001111100000010011011
0100011100101011111110100010011
1011001101101110111001010000011
1001000001100010100011001001000
0001001000101001101111110100000
0011010100001001010101100000000
0011011110011000011010110110011
0100011101101001010001101110111
1011011010111111001010010100011
1001010010000101100011001111100
0001101110110111001010001110010
1010110000010111110001000011011
1100010010010101111110101110001
1101111011001000110000101101101
0010101111010011101111011110001
1001110101100111000111100101100
0011100001101000000110110011110
0111111111100101001111000001011
0101011110010011011100000000001
0100111001111101110010001101100
0100001100001100000011110001101
1001000100100010011100000001100
1000101011011000111001001000100
0111010001001101000001000000100
0111111010011100100101101101100
1010101101011111110011011110000
1001100100101010110000001111010
1101101011110101111101100010010
0001100110000011101000101101011
0111111011110101010011100001010
0011101010110010000001101100010
0110101111000000000000101000010
1101000111101101100110011001110
0001001110010111001111101000100
1000101001111011110000001011110
0100011110000011101001010000110
1001110000010001011010001001111
0011111111100111100111100101000
0011100000100011010111111010110
1111001001101001011100011111001
1000000101011010001011000111100
1001011111000010101110110111011
1111100101101101000110100011000
0101101001110010110001101101001
0011100101010000110011101100101
1010110010010110010000001101010
1111101101011101110000001110100
0101000000011101011011000110010
0001110110111010001100100110101
0011101001111101001101000110111
1010110011100100111010000011110
0110010000010110001000000011100
1110000010001111101101001011001
1101110000001011110111110111110
1010000001000011011100001110101
0000001000100110101010011001100
1001100100001001100010001001101
0100000111010011101110001000010
0000001110110101100000000100110
1100111101011000100101001111000
1001110001110110001100111000000
0011000001100010011001110011011
0000010011011010101101011000100
1001011011000110000101100001101
0010011100101001001100101110011
0000010110101101000101010100111
0110010101000001000111001101110
1111100011111101101010011010110
0011101110000101010100101111001
0000101110100101111001000111000
0000010100000111100101101100100
1000010100000111001000111011111
1111011111111110111111100111100
0011000111110000111100010101011
0101111000110110101011001100011
0000111010110101010000001100101
0010001001110011001001001011110
1101101100110111011000101110001
0011110101011101100000100000001
0000000101111000000000100101110
0110110010101001001001110011101
1001110000111110101100010011011
1111111111000000101101100011000
1000111000010010011111011000011
0110000000011101111010001111100
1110110100111001110100011100001
0100000100010111011011000100101
1101101000110011000011001101111
0010011011101110010011110010101
0100111101100001011101011011010
0000111110001000111000010001000
0000000110111111011011001111111
0110110011100100111000000111100
1011110001101001010011001010100
0011101100110111110101000000100
1010100100010110100001011011111
0101001111100110010001110101110
1000011001101001011110000101011
0110000001110011000100100111100
1010000001111100010110110001111
1101101110001011001111001010001
1110001111110101100111100010011
1001000111011010100011011001010
1100110001110110010101100101101
0110100111001111001110010111010
0110000111010111110000010111101
1101101110110001011001111000011
1001000101011011000100001000011
0011001100110101001111111111010
0101100001111010011101010011001
0111011010101111011110010001000
0101110111010110101111101100100
1100000111100110011110011101001
1001000011111011100010111010110
0100000011101010101111001111011
0010010000011001100000101000010
0111011011000010110010101100110
1010000101100010110101000100010
0000000100110100010001000010001
0011111001111011110111111100011
0101011110000101011101010000011
0010111001011111100001110110100
1111000010001010111010100001101
0100110100000010101110010011100
0110100001001011011101011011011
0000100001000110101000001110100
1001011011001111000100100010110
0011001010011011011110100110111
1101100110111100010100000000111
0011111011101101111011101100011
0110001011110011101000100000011
0000010001101010101100000000011
1101111110011010011111011011101
0111001111111001010100111001100
1110111001110111101101011010110
0011100101101010000101100010110
0111111001100011011100001011000
0011110111110101100000001111101
1000110000110001101101001110011
1111011111011110011011010100101
0101010110101010101110100000101
1000010100000110011100000011110
0100100001111001000100111100010
0110010111000011010110001101100
1111101011001011001111101000100
0111111110011000101011010000001
0000101011000101000011011110111
1111010101100001001101110000111
1110101010010001101000110011110
0011100010001000111111110101011
1110110100101110101011101010101
0000110010100010111000111001101
1011111101001111001011001000101
0111000001011100011001000000100
1110010010001011001000100100100
0011001001000010011111011111000
1010001001001101110011000000000
1011011010001101111101011011011
0111100100100101010101111100010
0011110010110011010011100101111
1100010011101001011000001100011
1011000011100101010011010110101
0000000001101101111100010100101
1011001000100001110111101000101
1010010010110011100011110010110
0111101111000011011000011001111
0001100011011101110111100101111
1110000011111010110001011111010
1011111111000010100010001110000
1101010101001001000010011110110
1000000000011011011011000010111
0110011001010001110101010000111
0110101100111110011010000011100
1110001100001011000001001010001
1101001111010001010111110011010
1001010001011010000111110101111
0111001000011010010010100001110
1011000001000010101111011010100
0111110001001110011110101101001
0100100101100010001111000101100
0010110011111000001001001001101
1001111100110110101100000001100
1110000010100000100100100101000
1110010000111111011110010110010
1111101110001110100110100110100
0110001111110001001111011100000
1001000010100001000111101101101
0011110100000000000110111010101
0011101011110100000100011011011
0101101110010010011111011000011
0010101111100110111101110110000
0110011111111011001100000110100
0100110101000011010110110111011
0011111010010101110110001110001
0011000010110010110000101001001
1100101111000000010010110011000
1100001100000000010101001010111
0010001000000011101010011100001
0001100100111100001010101011010
0111010100011011011111010000010
0110110110100111000111110110110
1001111000000111110011101011100
1000010010010001111001100000100
0101111101011010100111111111001
1110001100111101111000110011111
0000011111110011101001101011100
1001010111001110001001000011111
0101111100101001101100110100001
0111110010101001100000010100000
0110000001000001101101100100100
1101000001001001100110010110011
0011011100100011111001111000111
1000010110100111001110000010101
0011101001100011110001011001000
0111010010010001100101110011001
0100110110100010110111011000001
1111001010100110100011000110111
0101111101101010110110010101000
1110001000110100100010001110010
1011011001111111010000111001010
1111110011101010010111000000110
0011001011110010001110100000100
1001000001011000001001101100000
0101111011000010011010010100000
0111100111110100100010010110111
1100001110000111011001010000101
1111110001011100111011011011011
1000101100111010001000011101100
0000001111101101100101010101001
0000000011100001000111101001000
0101111100001100110001001010110
1010001100011111000001010100011
1000001101110010010101110010001
0010011001111001001101111101001
0100101100110101101100011110111
1001001101011111110010001111111
0110111110100101011011010111000
1111100010100001010001001011011
1010110111111111001011110101111
1101110001110101111100010110101
0111001110001110001001010000101
1100000110101110111111001001100
0100100001000110000011010011111
1011010011011100000011001010101
0101111110000110110111110110011
0010101110100010000111111001110
1011111011111001001100011110000
1011000011000001010110001111111
0001001000000011001011010101010
0100111010010100101111101001001
1101110100111001000101101110011
1010100001000001001001110000011
1111110101101000001010100000010
0011101100001001111101100100110
1111100001010110001100000101111
0111010011001101100111111100010
0010000011100000000111011111101
0100100001101101100001110000001
0100100101000100110111000100101
1011101000010110000010010110001
1010111111100000101101111111110
1111001100000001110011000111001
1111110010001100010101111000011
0001001011110000010101010010100
1100101100011011110011100110000
1111010111010001111001101001100
0110100001011111010011100000100
1111010011101000010100000000100
1110110000111111101001110110101
0100111101010101000100010110011
0001110011001100000110100011100
1100000111100100111001100101001
0100001110011101010010110111100
1100101001110010100110110001100
1001110011100100000001111111001
1010100110000000000001111010111
0101011001001001110111110100011
1000011011100100010011100000110
0100111000101011101110010011101
1111101101010001100001011110011
0101000110100100100101001111101
1111101011110110010100101010011
1110010101011101110110011101101
0101111010100001011111100010111
0011100010110110101011001011000
0011111101010000111000000011010
0111110010110110001010010111101
0011100110000100001011111001100
1011111111111111100110001000011
1100101010101000101111100001010
1100001010101000101010010001011
1001001001000000101011010011001
1111110011011010111111101110111
1000000011010000100111010000110
0000000001010010110001111110010
1101110111101110010110011101111
0000110001101011101001011110010
1101111110111100010011000111001
1010101011101101111001001000001
1001100011110000011000000000010
1100110100000100110110100001011
0110001111111010100000001000001
0101110001110000100001000010011
1010100101011010000001011001010
1101001110100000000000011011001
0111101011011011010000011010010
0110011100100111111111101111111
0010001111011101010100011100110
1111010101011100010100011110010
1010000010001101101100111001111
0001011001000011111011100000101
1000010111110101110101100110011
1110100011011111011011101011000
1101001101110001111110011000000
1101110011100001100010001001000
1100011100000010110101100100100
1101100001111101110011011111111
0001100001110010100011000110001
0010010001111111111110111011110
1001011010110001111001100011100
0000011010100001110000100110010
1001010100000000000000101111101
0011100010011101101100001110111
1001101111110011111011110000111
1110011110101110101110000100011
1101100111010100000010011111001
1111111000010111011001010000011
1000100100101110111110111111100
1101001010111001110010001110100
0111111101110101111101101101000
0111000011101000101101010111111
1001011001100011110011101011000
1010100101101110001100000001001
0100000101011101010111111110001
0100101010101001011100001011011
0010111000101110000110010001000
0010010010101010010000010000000
0000010000100010010010011011011
0111001010010010000110101010000
1010001011001011111010111110010
1111110000011101000010100110110
0011011011001110110101101001111
1100111111010100110011100101010
1011001110110110010000000100010
1011000110100000010010001001001
1010010100010010001111110101101
1001010110001011110010100100001
1011001011000010110100101011010
0011010001000100010011110101101
1000010110100000110101011100001
0010001101101101011111100001100
1001100001100101111100010111000
1000101010111000011101110001001
1110001011000001000100110111001
1101100010000001100000110111110
0010110110111010100100100010100
1011110100011000100111011001100
0010100000110100100011001000100
1001001010100100010000011011100
0000001111001101110100111100000
1101110000101011001101110000101
0111101111011100111010110010111
1110011101000100011011001011101
0100111100100000001010011001100
1001111011110100100010000101001
0011000000010110110101101000111
1100101001001111010111100100011
1110011000001010000001101001100
0110111011010001111111010010110
0000010001010111000111100100110
1001011011001100100000100100000
1010000001000000110010110000001
1000000001011011001010110011010
0100100111100011000010101110000
0100000111111110110101010000010
0000100001110000110001111111101
1111001000010000010010101001100
0101100000010010011101010111010
1100001001010110101000111000000
1100101000000111110111010010111
0010001000000011100001111101000
1001001001111101011010101100101
0110111010101010001011010111000
1111000010101110111001011100100
0111011011011101110111101001110
0011011100111010101010111111101
1100111010101010111001111110011
1011011001010000101101100010001
1100111100111111111000100110111
0011110111000011110110110000011
0011100011111100011101010110110
1111011100011111110010110000110
0011100000011111001011101110000
1100001011001110111111110000111
0010011001010100001110001111000
0010010011001111110001100011010
0110100101100011100001111100100
1101100001010001011010101010110
0001111011001010000010100110000
0010001010001010110100100010111
1001001011011001111101000000111
1110111111100011100001011110001
1010101110000011011001110000000
0010011110110000011010101101011
0100101011000000011010011100110
1001001010010010010100111011001
1101100100011011101001110110111
1010100100111101000000100110000
1111011110011010001101001110000
1111110100110110011110100110110
0011000110000011000101001111011
1100110001101100101000001000011
1010000001111011110100001001010
0000000010001010001101111110011
0110110100101010001100111010001
0100011101101101100000100010011
1011000100011110010110010000111
0101110110101111101001110100010
0100010110111010111010110011101
1111011101010000001010100111000
0101111110101011011001111001101
1010101010001010001000110101000
1000001001000011010011111110110
1001010010110101010001010100000
1010001011101101111110110010110
0111110001100001110110000110011
0001001000111010111001100010001
0100101100011011000000100110100
0100001101100010010010010101101
1111110010010000011001010001100
0011101011010010011011111110010
0111110100110110100111000110110
1010101001101011111100110100010
0010111000101011100001011100110
1100111110011000001010001101100
0100010110001010011101110110010
0101111101110100011100011101101
0111000111001000011110101110011
0001001010010010011101110000011
1110100110010000110001110110000
1111011010000001101000110101101
0101101111111010111110100001100
1110111000010000100110000000110
0010100000010001101011011001110
1110100100101100001110111011101
1101001111010110011101011000001
1010001010001011001100101001010
1101100110011001000100000011000
1100000011000001001100110001001
0110111100100100101011001001000
0101010000100110010101101100100
0101001001101010110011100000111
1010011010000010100101000000011
1010001100100110100001101100101
1001010110010000100100001011111
0111100110101111010000001011000
0110100010101111101101010001011
1011111101101010101100110100011
1100111000101101100000101001010
1011100001110110010011110111001
1101011010001111101100010111111
1010101100101000101000000010101
0100010110111111100100001011100
0100110000101110011101100101101
1101010000000110111011011111010
1001001101101010101110110101101
1000101000100110001110100011110
0100001000100000001011101110001
1111001001011011110100001110111
0100101110101010100000010100001
1111000110111101001000010100101
0101101011100001001011001101100
1101010100010110101010011000100
0001010100010100001011110110010
0110000100110001100100010101111
0100110010010011110110100101001
0110000000011100010110111000001
1111110110001100100111000000000
1111001001001111011100100111011
1100101101110001110011011100101
1111001000110011101110110110010
1011110100010011110111001111011
1110000100000011000111110111101
0101001110110000000101011100001
1010001111100100100001000000010
1111111000100000110111011000010
0011110111101100110010001001111
1110001010111001110000011111010
1011110110000001001001011110100
0000110001011110110101110100001
1111001110101010110011000110111
0001111001101011101010000111000
1110001001100111100110111000010
1010011010110111011100001001011
0110101100110000011101100101101
1101101001101101101000101000001
1011100101100010011011010011000
0001101000110000011001011100101
1010111011100100110011000111110
0011100110100000000011000011101
1000001111011101100111111100011
0110111110101001101000010100010
0010010100000111010110110011001
0001011111001110100001111000001
1000111010010100101100111110111
0010111100010110011001111011100
0000110110100010100101000011110
1000110000100010110000000010100
1001011011011001110110110100010
1100111000011011111001101000010
0110000010000001110111010000111
1001101110000001011100000001110
0000101001001100111011010111011
1111010010111010101101011110101
0101110110001001101100101011110
0001111001111110111001100111001
0010111111000010110111010101101
0000111010110111001110100000101
1011111101010101100010111111110
0110001000000001111000101110010
0010101100100110101101000100110
0100000100110000100001110010001
0110010110001101001111001011010
0011001000001110010101100111000
0111101101000110110011101111101
1101000001011101110111111000101
0111001000011101011000111101000
0000001000001100011000111011001
0010010000001100111111011000001
1011001001001001100110101011010
1011000100111110110010111100001
1000001111100010110101110001000
0000011000100110101000100001001
0001010011111100011011011011010
1100010001011101110101100111010
1001001101100001111010010110100
0001101010110111000010010000100
0011110100010101101001010010011
0101110000111000000001011100111
1110000001100000000010001111000
1110100001101100110100000111000
1111110101001011101100100001001
0111001101010001100000100000001
0000011010000001100000111111000
0010000010001000010011100101101
1000000100101000010011111010110
1101011111011011011001010011001
1010001110101000010111101110101
0010011110011010100011100011010
0111110000110110010011111000001
0101110110010000010101011001000
1110000001011010100010001100101
0001001000110100010000101010111
0111010001111101111010111101000
0111110011100001010000100001000
1010100111101100101101001011111
0100111000100110011011000111000
0010101100110000010001101011001
0000100010100100010011101110111
1100000110010010001000001111111
0010110010000001000100100001110
0110011001100101011111001001011
0010101101001010001110110111100
1110011110001011010101001110100
0100110010010001010111110110010
0001101111001001111000000110100
1010111001000101010010010100001
0000110011011111101010010011000
0001011000011000100110000001001
1010001001110111011011011011010
1001000111000101110101100111010
1101101011001100110001001111101
1110111110011111001100100001000
1011100011000010001100010111111
0101001100101101000100010101000
0101010111010011011100110000000
0111100011101100111011010010110
1011011000111011100000010000110
1100111001110001101101111011100
0000111110100101011010110101111
1110011000110010001001011111000
0100011011100100101000010111011
0110101101001101010010010001011
0000111010011100010001111111110
1101110101000101111010110001111
0111011110111110001000110111010
0011001101110010010110000001011
1100111011101110010100110111000
1101011000011101111001011100100
0110101111100100001101110011011
0000111000001101100001110001010
0111000101100001111011111110110
0011111010110101011000011111101
1010101100010110001011000011110
0010101101110110111100010001101
1011110010000110011111101110011
1100011101111001010111110000111
0001110001110111111000110000111
1010110111001110001001001001111
0101011101100001000110111111000
0001001000110011010100011100110
0111110110101110110110110110001
0100110001110000011111001110001
0110001100010100111001000000001
0101000110100000100101011010011
0001001111101100100011000010000
1000100001101101011000100111011
1111011111010101110010110001010
1011110001001000110100011110101
1000110100001000110111100010011
1101111011011011001110010101110
0101000010111100111000100001100
1100100100011011101011111111011
1011101100111101110101010101100
0001000100010011101000010100000
0001001100010011110100110010011
0011000000000011101001100110111
1110110111111101010010110010100
0110001010111110101001111001101
0100001001111001010011100110111
1101101100011101111101001011111
0011110001010111001100011001110
1110001000100010101001010001111
0101110010110110011110111010100
0101111111001110001100011001001
0001110001010100110010101100100
1000110101110110000110011110100
0001011111101001000100110110010
0101111110011010000001111001011
1110001111110101001000101000001
1100111101011000000010110110010
1001011100111110100110100011011
0111110010000100100010111000011
0100010101111011111001110110011
0000011100011100011010001111101
0010101001110010001110111010011
0000110111010000110000101111101
1010100101111010100110011100101
0110010110101101001111100001110
0010011001110010011111011000011
0100111100011001010101101001010
0010100100111010011010111111101
1000010110010000111110001000100
1101111011001100001111111111101
0101010001001111110000011110010
0001011001000011101001000111001
0010001000010001011010011100101
0000001010100100111111100110011
0010000110010110111001001110111
0110110000011001111110101011001
left 543 4
and 353 19
left 287 7
xor 372 648
or 754 88
left 167 46
xor 534 523
xor 762 413
and 212 411
or 0 867
xor 448 627
xor 463 88
left 232 35
or 299 747
and 586 609
or 872 884
left 211 43
xor 88 397
xor 110 717
xor 784 718
right 697 22
or 14 845
or 134 293
left 377 61
and 376 395
or 464 375
and 741 694
right 650 42
and 189 108
xor 246 109
and 279 806
right 47 17
xor 11 279
right 351 17
left 654 53
and 782 713
xor 119 671
left 91 33
right 568 34
left 87 41
or 323 468
or 50 624
xor 839 635
and 137 202
left 28 28
left 314 63
and 191 190
and 762 390
or 439 66
or 224 153
xor 335 585
right 360 3
and 422 690
right 871 3
or 194 855
left 658 33
and 159 684
or 332 554
left 42 33
or 586 434
and 428 769
right 846 57
and 888 875
xor 889 70
and 201 264
right 370 10
and 717 298
right 363 18
or 399 780
right 610 2
xor 190 226
and 355 180
right 263 40
xor 186 282
and 45 483
and 867 69
xor 290 3
xor 506 366
and 385 874
left 365 32
left 103 62
and 610 353
left 678 56
xor 729 19
or 66 172
or 560 147
right 409 13
and 555 160
xor 656 545
right 644 18
and 431 229
or 445 839
and 639 733
xor 225 678
and 202 744
left 662 33
left 407 22
right 156 41
right 379 45
right 692 62
right 813 29
and 148 418
or 836 273
left 464 11
right 220 21
right 147 59
xor 222 310
xor 842 574
right 730 25
or 379 861
and 46 890
right 834 38
left 785 14
right 685 3
xor 263 883
xor 693 138
left 753 56
right 850 46
left 757 48
right 238 59
right 44 33
left 716 3
left 131 4
right 711 53
and 222 220
xor 650 22
xor 873 883
right 730 25
left 270 31
xor 872 53
left 767 1
right 660 58
or 808 161
and 263 872
and 488 310
and 705 68
left 384 9
left 531 11
and 313 374
right 568 30
or 890 337
right 325 1
or 816 22
right 580 61
right 193 29
or 134 18
and 98 402
and 160 42
or 172 463
left 891 19
left 879 37
or 181 679
left 296 55
and 681 399
xor 261 700
or 260 835
and 218 149
right 442 13
or 769 590
or 578 589
left 849 57
xor 673 866
xor 494 378
and 554 275
xor 114 537
right 664 41
left 341 27
left 528 5
right 865 50
right 773 44
xor 37 625
xor 439 406
and 627 9
or 635 671
and 151 785
or 367 558
or 634 115
xor 158 751
left 99 28
and 631 713
right 76 47
or 206 406
left 418 45
xor 116 777
or 90 144
right 601 39
xor 341 361
right 313 19
left 174 54
and 17 573
and 421 757
left 667 15
right 427 21
and 196 714
left 744 0
or 293 514
left 401 11
left 731 52
right 137 46
left 374 44
or 541 429
right 675 8
and 323 631
right 221 43
left 111 11
or 146 189
and 799 590
xor 30 537
right 887 34
or 687 157
xor 277 806
or 732 590
xor 258 21
or 490 350
or 544 570
xor 511 824
and 315 731
right 83 29
or 344 865
and 379 768
left 314 45
and 678 101
or 355 468
xor 772 174
and 340 719
right 803 58
xor 564 761
right 130 1
and 234 405
left 229 52
xor 488 206
or 662 884
right 642 56
or 644 336
or 212 676
or 350 695
xor 528 367
xor 545 498
left 648 60
right 724 25
xor 785 666
xor 215 544
or 746 295
left 854 15
right 352 15
or 461 717
and 340 461
left 88 34
right 6 43
and 220 703
or 435 596
right 71 51
xor 484 774
or 569 844
or 98 304
and 411 873
right 528 5
xor 120 517
right 210 15
and 248 852
xor 464 503
xor 562 574
xor 313 275
or 466 60
right 667 55
right 450 18
and 59 422
and 236 542
or 636 860
or 123 217
xor 314 789
right 209 8
xor 239 881
or 152 563
left 124 50
left 509 57
left 874 24
right 669 44
left 305 25
or 572 492
and 16 806
and 854 231
xor 591 579
left 819 63
xor 108 71
or 663 580
xor 221 563
xor 94 448
xor 617 861
right 216 37
xor 249 665
and 71 628
right 569 31
xor 164 363
or 430 579
right 251 6
xor 77 680
xor 75 882
left 698 59
and 797 39
left 497 20
xor 328 467
or 390 144
xor 139 416
right 835 31
xor 710 314
right 274 52
and 509 467
or 408 381
and 276 287
right 794 52
and 193 436
and 328 826
and 6 181
xor 156 124
left 884 27
xor 287 325
xor 370 51
right 443 39
or 447 736
or 491 746
or 823 47
or 54 483
left 322 33
xor 223 645
right 78 6
xor 356 141
right 134 40
and 488 171
left 331 55
right 569 2
left 23 45
or 698 311
and 524 742
or 639 73
or 94 259
or 493 724
left 325 62
or 208 562
or 658 109
left 61 10
left 317 50
xor 621 616
and 623 356
right 331 47
and 685 306
or 108 799
xor 565 340
left 642 36
left 107 18
left 190 3
or 600 801
and 374 638
left 568 33
left 612 29
and 729 710
