80 80
19 858 650 671 872 557 890 514 281 883 26 586 483 599 374 596 672 788 760 647 469 593 533 764 302 648 617 451 368 113 614 562 76 284 6 190 843 636 639 829 572 783 581 996 856 820 43 376 594 304 353 360 498 74 632 713 616 77 157 663 583 684 303 750 167 905 304 321 95 336 705 175 164 891 203 18 158 955 862 672
927 437 263 113 690 751 486 792 944 585 197 482 671 779 408 68 794 310 964 503 242 673 313 408 861 433 301 637 49 231 848 472 232 802 584 215 662 931 893 114 622 44 853 517 316 471 123 625 539 897 513 854 977 900 881 246 767 452 768 22 730 123 587 72 599 635 694 946 525 84 35 927 952 822 7 139 261 985 979 841
891 908 512 213 201 621 934 108 365 132 610 803 731 67 637 814 57 413 634 98 753 211 445 72 322 240 568 340 908 445 815 28 789 38 648 28 531 477 362 842 915 853 703 966 45 275 694 705 617 867 614 475 3 860 688 443 410 458 773 289 648 136 102 682 571 874 686 307 463 575 926 366 856 855 302 124 770 976 377 823
771 44 277 401 48 971 236 687 852 172 505 193 761 68 456 289 927 510 514 404 553 709 756 525 376 848 169 783 219 495 640 37 856 202 827 14 75 87 622 288 2 725 807 968 578 352 145 145 460 599 967 82 606 819 626 982 270 429 321 307 364 267 440 889 731 618 359 822 7 481 191 970 499 769 370 161 114 445 417 431
617 390 273 788 949 310 98 425 468 434 944 413 742 901 856 517 176 601 10 270 812 198 967 349 838 203 12 412 620 756 579 438 240 243 560 253 736 302 950 442 419 312 746 526 758 187 62 363 764 264 115 63 146 240 498 685 112 544 500 525 274 119 302 500 900 566 194 840 787 656 936 994 970 435 396 12 288 30 680 818
933 901 480 751 654 444 187 89 965 17 616 959 274 908 233 176 7 958 245 863 519 977 472 875 589 526 558 399 896 235 882 928 158 584 276 642 8 450 122 566 263 31 92 408 330 818 367 364 902 13 746 27 610 75 830 993 218 1 976 323 783 697 827 104 872 143 860 506 35 120 924 418 577 202 536 416 226 473 130 120
415 731 46 568 461 431 847 221 263 594 330 776 752 629 203 155 523 266 128 11 931 957 490 186 118 101 625 883 488 575 857 192 156 166 909 92 127 617 192 626 619 943 247 989 160 357 6 918 712 908 48 517 205 246 271 831 415 905 240 82 138 783 601 919 586 367 214 329 541 879 856 750 17 32 264 876 428 8 212 631
463 738 387 705 207 360 413 427 582 802 820 102 39 514 291 843 677 384 930 26 806 819 184 849 868 827 266 226 707 448 103 391 132 598 276 337 524 58 260 333 495 951 690 18 382 382 679 920 641 232 868 133 966 34 240 626 293 252 429 883 118 107 949 455 645 54 174 133 644 362 689 606 783 643 355 710 442 853 407 489
281 901 553 596 308 519 964 524 557 923 404 560 357 358 237 953 781 476 906 597 374 565 875 246 495 70 255 199 176 895 111 137 969 831 14 410 389 420 728 481 279 703 271 816 654 151 844 837 908 812 703 71 87 556 812 85 683 432 509 858 959 809 546 682 766 793 957 716 721 98 934 280 750 954 610 715 405 677 948 353
692 989 362 589 613 333 902 283 410 585 683 631 669 865 838 835 430 737 301 617 17 378 382 347 108 470 13 730 744 414 189 750 449 56 426 28 568 469 472 549 113 748 177 31 468 847 966 24 486 210 876 706 669 33 318 689 609 744 947 353 23 250 154 714 764 951 831 292 190 12 455 638 890 56 715 414 502 362 648 130
556 830 981 588 111 105 37 412 713 291 555 227 823 599 571 63 151 487 416 717 956 669 243 815 117 250 79 579 594 163 810 481 439 318 819 38 102 500 495 904 828 981 274 666 489 900 249 883 186 385 24 908 216 967 783 498 484 114 775 284 651 643 194 861 857 535 609 751 218 264 902 826 701 219 355 901 151 143 42 159
100 311 506 179 704 539 898 321 843 300 484 556 323 373 483 589 47 235 327 266 507 354 252 318 39 706 45 774 706 493 144 365 17 979 974 333 273 982 44 301 406 17 46 814 984 835 722 827 808 727 279 368 159 56 835 822 127 202 553 687 786 710 678 333 261 885 378 976 438 392 650 389 75 928 781 478 949 256 186 3
734 461 474 695 365 322 257 202 304 896 303 53 507 21 839 838 36 817 53 96 92 826 414 69 29 495 943 524 611 572 612 689 104 101 203 172 982 390 441 578 619 12 256 868 607 775 303 284 313 952 318 915 318 526 704 516 360 90 920 299 540 433 120 548 45 535 956 67 481 974 573 738 830 673 327 859 891 458 358 566
302 826 771 427 570 575 379 674 872 162 1 787 124 45 377 107 57 200 426 685 465 478 615 373 385 681 805 786 62 985 302 862 726 473 456 707 287 642 902 708 986 94 218 970 178 889 970 76 256 986 512 27 863 158 692 989 592 896 846 463 874 956 144 814 201 29 3 438 906 408 489 912 295 528 274 429 23 33 992 240
741 909 442 424 334 239 446 773 80 355 148 96 393 80 868 89 998 267 621 514 392 797 964 641 541 616 779 912 922 504 136 7 367 807 373 206 966 252 370 766 15 722 757 324 117 582 662 379 482 736 146 718 86 440 499 940 917 782 815 206 162 590 761 255 583 227 777 839 62 398 151 435 849 730 464 94 131 792 436 637
222 539 961 460 147 378 116 793 377 230 455 119 180 268 654 766 414 435 699 558 179 445 989 774 568 691 1 634 262 122 590 62 9 478 164 518 579 13 956 70 734 979 751 569 253 542 754 864 11 876 347 386 58 17 980 50 612 803 279 500 950 11 273 280 177 301 701 420 172 711 968 94 869 512 854 424 426 237 164 414
447 518 135 809 780 888 65 967 147 602 695 64 608 573 857 716 907 684 77 581 887 402 503 757 528 479 425 110 781 871 407 246 234 812 972 9 747 445 613 147 482 407 66 205 526 140 513 791 443 71 508 20 911 473 211 489 850 920 463 132 786 47 4 731 315 345 110 996 162 228 468 185 162 491 225 225 894 687 400 556
438 929 739 821 979 870 71 317 950 926 576 609 757 548 116 791 299 422 660 584 611 633 953 93 334 363 955 815 216 18 869 757 180 822 604 650 227 940 500 210 720 96 374 902 57 929 467 938 253 909 389 112 857 396 772 473 645 553 172 48 495 321 420 480 80 475 748 17 962 690 504 19 905 298 935 293 918 53 889 864
563 366 574 627 402 363 555 207 430 398 729 517 23 118 67 812 687 147 372 310 339 526 210 496 166 493 574 222 519 826 493 379 546 630 56 759 378 949 840 810 282 471 949 821 163 803 403 389 917 481 667 508 14 484 267 463 140 968 394 496 2 263 865 49 289 485 378 245 314 844 242 290 973 127 156 386 499 560 344 386
984 377 6 29 636 657 93 82 701 90 868 352 874 327 677 250 88 927 827 167 140 92 704 483 345 316 670 702 952 908 493 624 373 746 270 793 338 24 604 787 888 467 794 873 990 41 335 619 373 436 125 92 339 65 617 692 257 388 395 39 82 139 326 198 507 194 177 796 577 5 341 368 493 737 115 17 900 444 32 394
676 499 958 456 444 815 464 709 100 929 635 283 481 738 373 876 66 354 589 751 400 529 393 846 80 25 514 577 890 416 330 76 754 54 162 551 437 695 355 750 976 456 28 323 627 838 932 86 25 210 334 593 311 536 590 168 645 566 281 809 307 412 233 478 358 885 827 213 111 557 321 68 631 914 415 642 764 689 369 244
852 794 702 217 453 822 865 729 959 516 945 279 244 23 907 672 963 699 931 470 737 8 969 780 136 71 32 241 229 770 109 667 20 529 164 763 234 167 983 434 468 891 55 169 431 517 503 175 33 765 338 302 280 469 290 213 152 33 735 133 441 114 55 742 103 834 302 271 704 983 43 765 100 162 145 278 676 392 964 580
151 1 11 141 919 93 334 580 453 20 809 201 737 45 260 960 118 546 255 193 470 849 875 646 488 339 538 649 237 846 178 171 544 701 656 606 539 831 643 437 187 167 52 2 620 769 615 830 449 718 733 442 355 775 0 125 261 689 686 560 827 733 922 359 886 6 290 966 802 922 557 854 574 861 7 421 838 781 55 291
513 57 108 426 978 447 331 630 877 910 878 847 15 419 39 990 357 769 461 74 700 380 787 868 215 501 223 535 825 766 531 140 913 199 611 326 939 726 493 971 503 586 422 33 483 216 994 416 713 223 27 35 763 850 718 282 603 320 877 269 171 467 611 303 898 461 562 21 995 970 980 186 73 871 307 620 959 950 55 98
656 347 729 976 934 253 650 89 561 728 482 688 678 977 472 30 26 905 182 689 837 424 825 361 527 474 15 127 713 975 683 894 57 331 347 996 419 539 817 631 693 160 672 806 668 952 32 576 519 765 841 789 863 844 754 424 11 218 327 778 327 545 613 714 554 660 975 53 556 501 416 300 997 365 165 75 637 510 383 885
597 881 665 49 869 319 952 645 104 881 126 610 461 592 991 672 810 704 888 464 57 408 394 965 807 186 734 274 604 50 52 719 797 844 517 897 936 395 385 725 73 930 659 511 767 371 300 916 104 344 790 986 464 175 203 46 961 288 993 528 863 334 119 635 500 194 192 280 799 204 638 263 352 911 299 721 70 938 32 643
516 647 176 555 987 992 524 630 603 844 539 830 799 532 985 297 516 328 26 497 637 423 823 584 195 806 735 464 819 244 407 29 594 256 845 769 27 183 121 605 683 677 829 794 396 965 191 954 316 66 702 482 404 146 717 703 265 647 111 553 717 215 203 921 216 105 170 285 12 690 342 782 935 137 628 45 255 354 43 463
254 623 809 304 402 886 55 392 267 573 431 925 967 997 752 13 630 33 225 689 687 537 440 235 158 383 831 774 576 522 268 177 674 224 562 276 937 609 325 321 110 83 786 225 117 795 893 605 200 178 345 949 232 478 363 134 210 823 940 218 12 9 569 886 573 122 974 459 604 447 870 204 829 250 831 556 116 780 436 126
694 744 38 468 310 310 37 375 203 991 375 69 300 325 166 743 957 282 419 647 229 13 105 913 220 199 997 131 617 413 148 212 736 996 160 320 471 111 998 75 308 72 247 259 465 621 340 528 890 359 644 493 147 230 322 52 552 864 659 98 171 696 498 621 723 509 787 304 674 704 394 805 511 219 728 703 290 451 498 398
411 848 30 456 3 298 985 931 872 664 297 807 846 222 145 100 484 900 318 390 87 43 180 865 284 246 565 223 306 751 314 697 605 214 66 160 247 141 727 727 375 454 665 686 134 556 305 853 511 601 740 258 135 246 94 617 220 555 875 467 293 197 354 461 503 432 644 635 642 914 956 492 152 563 543 688 311 589 243 870
603 448 912 30 141 72 80 510 580 272 208 33 453 73 594 355 991 487 277 657 449 296 120 13 69 813 360 134 828 281 662 773 544 478 106 431 145 176 518 553 595 663 246 335 230 259 865 809 805 377 891 329 527 209 657 836 715 653 174 530 424 867 953 733 793 604 123 550 709 764 420 511 260 158 33 241 742 11 27 316
257 890 713 460 668 861 865 868 457 888 829 53 668 31 151 107 153 180 290 781 623 753 716 652 258 772 36 16 618 957 722 876 296 183 104 275 931 429 206 889 244 69 189 984 320 915 814 913 213 780 485 109 7 715 331 540 99 527 84 34 274 19 350 468 348 402 716 853 427 934 172 208 849 138 576 159 211 87 90 154
29 761 946 67 931 402 479 875 311 406 138 936 516 733 860 718 703 210 490 27 460 883 713 535 728 461 857 577 895 777 3 651 575 425 518 267 610 751 219 967 308 768 6 443 400 109 173 436 955 555 64 851 142 974 801 279 766 453 925 294 706 563 65 466 624 249 25 147 62 666 879 957 457 605 771 241 793 294 155 701
700 72 612 65 27 491 408 857 623 342 179 128 468 234 921 864 587 473 391 190 262 527 288 800 822 377 766 292 658 613 434 171 627 241 196 700 977 325 713 523 415 448 83 256 674 225 70 97 483 26 451 329 472 818 530 315 891 667 113 652 565 264 262 888 580 499 622 323 857 993 412 207 867 477 25 69 257 863 933 362
734 972 134 540 200 722 705 19 656 791 299 447 472 682 962 249 570 648 882 357 888 751 258 135 607 325 624 620 629 472 125 532 725 455 362 371 718 606 505 450 279 415 575 954 989 308 187 881 112 703 345 924 73 136 160 707 542 397 932 861 372 642 21 198 835 275 702 605 337 296 848 95 944 684 227 425 102 522 970 77
432 313 25 385 189 89 550 997 244 550 179 41 238 536 39 448 242 697 181 751 358 629 533 995 190 65 934 396 668 852 1 880 447 556 28 294 76 166 800 405 461 960 954 737 310 268 604 216 510 284 439 333 23 317 801 384 699 972 681 835 127 792 805 206 46 576 164 536 743 463 584 913 717 777 175 159 168 253 116 906
656 569 356 840 209 411 695 852 343 923 156 729 786 257 877 91 851 373 431 92 452 605 904 485 287 266 785 81 52 55 133 693 259 446 327 223 801 822 385 973 854 760 919 288 234 235 815 730 866 412 572 581 937 843 235 497 254 834 65 969 746 81 949 725 307 328 699 194 634 422 134 674 903 392 725 468 11 414 803 886
767 111 931 206 654 102 387 762 923 123 359 116 929 59 352 407 500 734 231 291 712 207 953 494 355 513 165 124 3 624 708 73 703 227 753 149 248 630 721 918 803 77 562 818 389 492 119 577 462 825 907 392 930 599 486 987 759 117 256 651 166 809 461 482 472 296 387 615 846 278 833 498 207 304 388 361 893 887 940 944
737 160 839 981 565 318 431 981 75 1 275 945 792 886 317 33 23 240 831 475 883 956 801 21 150 216 127 262 404 870 569 490 263 981 991 982 674 358 578 367 890 212 768 582 23 312 226 387 564 432 190 922 99 300 50 804 180 893 847 10 715 524 474 955 347 951 185 712 738 887 880 293 49 16 68 524 414 964 797 436
504 176 431 374 154 71 104 214 135 352 943 862 394 619 280 72 136 477 366 870 401 892 224 544 393 50 584 749 4 605 617 249 772 235 366 605 494 345 924 895 405 992 525 19 586 825 901 607 883 754 109 666 563 967 686 670 963 104 283 422 762 186 910 804 371 401 629 503 585 924 0 90 471 191 553 210 327 345 655 220
828 755 818 460 642 733 736 862 796 974 404 684 442 92 81 340 169 384 403 950 537 605 697 860 490 43 144 874 896 763 856 401 416 342 234 252 825 603 466 828 205 361 497 786 214 54 878 804 406 264 636 807 593 178 874 830 106 856 499 113 463 49 922 376 239 631 894 465 677 635 165 51 120 991 428 708 905 958 985 24
240 229 836 24 859 137 93 211 659 913 620 287 403 381 440 21 737 119 294 89 484 798 358 208 682 64 824 51 796 342 345 352 405 22 333 418 81 466 300 570 766 864 651 704 885 795 735 758 931 827 116 369 227 188 977 478 181 784 595 724 703 829 578 287 545 433 997 531 911 152 399 288 977 314 662 935 427 854 503 983
644 25 225 720 334 92 618 480 446 170 663 894 739 675 970 895 297 155 758 56 426 16 866 909 166 782 273 149 868 724 101 599 439 77 914 544 234 333 564 64 729 868 207 759 880 693 97 821 826 43 289 648 363 628 263 248 554 960 772 822 229 329 514 283 136 441 252 209 93 83 579 527 440 476 400 519 32 918 277 296
958 655 385 505 912 459 946 214 327 505 441 509 174 563 707 127 944 665 295 401 949 417 871 792 806 467 835 22 952 147 948 473 274 70 198 27 143 569 252 835 842 497 792 603 528 679 836 805 123 929 97 675 691 719 765 809 166 839 442 238 29 893 440 343 814 336 93 200 152 292 802 912 513 576 251 189 746 663 590 366
329 105 822 331 508 30 202 414 350 423 459 355 649 170 56 112 165 552 995 563 32 20 84 134 525 635 366 355 805 323 770 826 538 194 279 424 308 714 465 599 448 294 416 416 492 56 223 229 905 405 613 568 209 358 156 666 478 944 920 221 336 663 775 373 521 411 634 238 250 207 958 705 337 952 858 1 146 915 511 645
98 262 612 780 38 924 427 952 439 487 187 674 278 815 865 785 920 465 897 348 569 63 49 71 559 31 922 395 755 43 865 461 28 963 100 468 742 171 940 197 515 77 315 970 431 330 450 281 154 722 847 279 835 173 18 694 79 682 594 864 737 616 632 817 430 589 538 776 632 392 980 297 997 698 717 904 652 167 119 756
575 275 756 508 55 535 700 672 170 158 97 255 889 971 866 30 614 384 825 677 965 715 970 885 167 769 370 423 498 393 963 113 774 175 210 201 423 778 606 921 114 847 636 754 606 985 206 779 883 905 372 206 257 67 519 836 385 555 204 395 823 360 145 77 62 142 813 403 322 268 531 898 537 558 880 46 516 57 524 848
194 525 994 854 491 797 741 998 961 241 104 797 199 251 543 36 741 479 974 485 841 798 382 559 708 957 550 714 861 814 947 588 850 304 618 920 54 820 277 706 531 796 393 558 494 494 836 818 276 886 280 798 803 580 410 83 642 730 344 844 337 354 296 858 37 971 26 164 259 415 466 870 89 197 116 779 482 46 274 122
833 557 147 324 448 550 1 478 327 640 845 146 485 91 98 868 536 24 323 866 890 197 766 721 524 432 741 437 535 914 751 925 163 30 547 684 918 18 646 388 776 259 966 585 761 40 401 698 635 245 996 178 986 297 410 838 824 566 54 428 786 29 945 367 408 55 986 385 428 971 739 501 590 301 647 697 791 134 831 309
991 38 214 474 308 730 62 698 250 29 218 879 780 185 531 61 469 198 702 11 660 99 661 698 280 248 291 596 815 278 995 384 698 487 480 574 754 454 570 603 163 558 685 178 378 835 429 249 930 234 735 531 537 38 185 353 597 139 72 93 35 733 801 855 199 873 978 463 285 494 1 43 37 581 526 996 206 964 983 376
380 652 191 777 353 364 67 573 804 771 612 42 811 927 119 770 679 780 805 334 411 61 162 493 741 291 78 396 782 343 263 255 5 915 981 299 324 8 578 593 410 584 892 399 828 646 119 629 312 995 461 533 541 398 353 403 763 859 905 919 552 598 291 459 257 935 719 639 114 716 878 204 99 362 237 77 493 863 418 159
513 459 698 611 547 588 381 919 620 614 309 459 753 792 42 519 172 405 169 489 230 322 782 342 775 345 937 831 496 274 319 745 834 639 477 500 758 487 25 944 24 147 172 598 504 985 335 428 724 841 966 489 821 470 815 801 492 421 816 968 264 497 296 7 4 237 910 590 337 84 575 326 224 113 938 72 564 714 284 496
884 190 798 161 265 213 926 461 82 543 400 616 211 876 59 42 625 809 289 801 530 733 375 249 232 802 389 206 977 506 262 941 687 847 75 775 742 436 221 609 394 194 791 685 530 271 45 364 52 719 634 543 734 226 294 884 21 487 546 630 547 966 654 328 722 460 878 742 690 728 353 814 234 16 347 456 353 746 970 850
649 787 226 267 715 106 860 864 110 666 483 909 585 964 246 546 374 500 506 124 752 943 771 941 550 208 625 700 513 344 840 322 116 855 334 578 205 375 118 548 710 359 956 331 510 100 647 662 344 119 450 447 82 341 755 45 120 489 377 139 373 560 764 250 619 250 377 877 898 146 595 656 470 531 975 990 187 277 484 50
309 38 718 465 504 817 221 281 40 717 172 892 485 101 634 478 967 697 724 27 249 281 729 722 867 643 958 212 680 585 933 943 66 968 47 675 696 288 585 112 130 401 564 186 363 770 118 439 314 737 629 160 246 603 147 742 64 143 49 680 379 487 179 590 182 517 596 252 702 600 429 828 871 111 199 373 63 331 37 774
444 938 640 242 243 390 988 401 38 695 267 869 123 200 633 4 582 606 809 92 323 774 448 685 584 323 319 266 906 415 463 749 815 47 545 842 498 270 375 313 9 747 303 77 744 61 12 842 338 700 717 919 489 56 651 516 128 745 846 458 173 118 86 47 679 245 275 383 913 836 983 988 620 730 844 58 153 454 835 618
186 42 936 183 871 788 226 938 268 10 523 404 617 998 938 960 159 848 489 20 446 365 390 417 767 848 92 842 310 5 991 786 389 106 931 606 493 869 741 437 828 509 409 663 205 783 103 607 544 620 3 852 371 265 574 584 858 286 459 882 666 225 614 353 343 416 429 615 437 779 161 781 309 14 835 682 385 472 603 818
548 804 797 9 508 317 656 896 238 207 492 494 273 533 622 300 137 749 80 91 236 681 198 398 401 471 912 973 800 772 832 914 840 652 871 996 60 284 839 563 408 327 912 773 477 495 123 589 849 795 536 175 587 971 379 704 416 976 779 871 539 359 800 580 957 763 982 143 501 957 985 958 400 500 84 71 351 712 259 641
608 431 401 162 223 81 918 585 773 241 258 622 903 21 428 981 210 535 872 255 914 451 231 170 624 760 860 204 930 752 938 236 643 886 769 862 514 617 585 529 167 1 931 721 898 146 682 692 773 219 536 824 507 456 779 129 18 165 85 280 165 173 913 121 681 692 479 975 535 945 949 148 125 38 264 143 634 399 231 172
691 12 992 161 843 665 190 716 629 446 940 977 58 517 607 785 720 383 273 143 739 34 919 550 49 829 249 536 830 676 827 408 395 978 3 379 95 831 789 985 526 664 815 555 272 477 186 794 81 934 852 705 360 100 793 382 642 165 382 47 972 82 702 549 464 734 466 368 893 64 214 294 63 800 511 725 642 822 935 778
363 877 308 80 734 514 25 157 439 630 917 990 787 441 931 557 250 865 324 161 750 460 292 637 975 842 80 296 190 127 599 599 743 559 212 784 29 622 932 318 531 829 417 234 128 36 814 618 973 501 547 198 545 816 919 884 703 49 413 539 953 160 928 306 188 206 479 894 487 780 40 835 251 975 371 480 995 49 172 356
644 640 183 687 874 314 443 758 584 504 511 207 3 9 573 470 394 194 951 995 606 450 446 869 58 782 366 110 808 575 606 493 829 38 433 394 678 199 914 625 95 601 262 363 446 278 153 920 218 977 424 644 634 627 393 75 18 364 617 888 865 727 749 826 882 747 751 229 938 461 935 628 380 448 755 845 378 116 191 264
500 561 854 655 43 200 855 662 944 63 887 587 17 214 628 574 786 374 741 467 242 123 68 76 992 548 997 677 572 97 344 890 665 998 310 657 746 742 307 436 285 965 918 557 105 636 390 254 81 846 449 923 887 82 0 969 931 297 488 322 35 13 36 966 711 207 287 160 599 647 365 216 81 295 956 843 950 750 160 818
457 766 372 848 694 251 38 296 550 346 797 194 375 662 570 212 687 994 468 889 176 163 115 485 709 746 693 827 311 137 396 767 834 986 721 41 883 206 107 400 403 600 209 590 838 560 954 503 597 917 386 404 321 373 407 855 283 631 714 711 544 528 249 72 644 295 416 154 448 258 793 808 102 641 796 15 93 843 559 616
161 683 928 812 197 936 463 143 539 564 512 551 806 619 42 706 389 824 574 284 903 520 776 498 251 115 688 371 931 234 923 826 325 581 952 573 955 985 166 299 407 503 860 846 906 436 578 573 327 788 940 970 95 335 710 100 491 109 854 319 325 284 878 498 456 145 601 443 912 462 785 962 112 871 969 535 291 482 310 611
695 953 568 539 857 227 627 435 782 200 983 676 914 681 199 152 414 880 561 439 912 613 921 303 668 374 832 775 370 244 321 965 803 483 597 732 769 853 247 592 749 545 223 854 70 425 839 179 791 178 379 391 195 276 950 550 144 450 640 468 98 790 752 457 986 29 121 419 504 907 782 169 885 523 155 558 193 857 928 744
174 59 139 661 856 230 244 963 359 313 667 45 920 701 781 742 941 346 996 506 62 158 39 497 12 477 721 263 467 686 850 202 178 616 351 493 71 251 488 162 549 213 619 454 287 330 170 184 125 446 852 637 208 17 622 714 631 220 769 44 758 882 397 978 652 454 875 87 551 95 571 358 291 828 969 525 839 392 788 694
907 294 159 785 500 161 299 966 255 290 147 238 791 747 729 566 757 856 846 850 739 962 778 393 302 860 261 774 672 693 712 360 668 177 714 88 368 259 331 990 110 826 370 683 112 577 994 498 450 109 778 112 611 985 202 960 977 528 789 158 430 190 612 150 596 863 701 919 348 380 609 860 971 790 347 337 4 82 863 747
153 946 812 168 243 516 484 666 699 405 529 886 60 54 776 482 970 621 799 33 150 763 573 481 625 945 109 946 211 346 476 642 342 142 33 857 977 625 229 196 8 399 247 717 714 46 910 493 530 379 862 959 816 629 506 728 329 759 856 843 736 682 945 473 384 498 858 824 538 101 143 971 860 528 654 255 848 429 249 754
234 969 877 236 37 482 864 959 315 226 160 531 733 191 137 76 408 801 907 719 953 981 820 642 115 973 45 529 290 976 910 695 604 830 726 18 86 400 243 374 75 344 275 709 558 787 257 518 701 108 781 659 554 854 564 158 791 357 749 65 401 183 591 651 337 165 559 507 511 717 590 363 237 718 522 381 530 696 237 766
205 596 780 630 966 166 101 238 0 110 396 987 38 904 407 828 327 162 411 468 909 22 231 860 755 347 461 474 330 348 798 14 564 166 368 255 362 262 392 714 311 78 452 631 748 49 151 512 420 243 721 427 337 590 226 893 195 142 306 983 390 471 900 239 77 420 575 648 212 672 49 359 606 452 323 350 636 516 150 427
404 374 687 416 377 934 395 285 73 545 816 247 803 433 104 593 668 957 796 309 271 374 937 641 984 763 749 981 213 127 358 666 522 556 843 213 766 597 267 695 263 21 746 710 750 683 366 578 496 146 934 268 334 598 213 480 128 734 269 461 635 745 455 744 362 319 637 59 719 925 182 571 146 57 938 224 358 898 5 658
300 546 819 474 842 970 28 509 533 611 602 632 229 34 968 197 746 658 325 700 776 453 976 15 227 859 809 467 733 761 895 839 957 891 962 295 584 38 426 672 615 520 430 792 203 561 654 640 352 779 799 249 769 646 126 692 554 412 934 771 95 866 775 601 909 713 799 15 4 766 975 376 710 789 335 941 449 777 620 598
385 23 378 609 378 908 939 844 450 967 935 646 656 857 404 72 874 137 979 77 437 658 416 32 411 397 461 343 360 461 834 218 449 311 661 317 829 191 862 373 380 455 37 961 496 913 940 905 688 487 150 251 69 144 839 774 409 739 38 849 124 933 950 224 500 166 714 922 414 197 85 901 487 108 361 74 231 907 244 899
776 698 867 314 338 609 836 540 126 24 567 755 606 288 785 130 173 498 777 292 12 9 876 496 580 528 465 698 250 259 191 546 83 115 208 700 466 704 252 644 405 822 275 851 498 25 520 514 651 255 717 109 553 331 604 980 892 171 572 5 764 592 719 142 22 0 348 42 593 633 963 78 63 101 896 245 276 736 319 111
321 295 256 929 492 581 31 591 116 406 346 664 995 647 163 888 99 519 223 113 99 602 789 520 604 915 614 201 493 368 896 420 157 242 404 169 910 732 667 773 858 315 232 327 396 157 203 180 417 39 18 151 934 464 408 439 677 992 500 24 266 891 856 499 853 895 665 994 241 232 456 576 161 335 288 22 940 251 57 481
249 557 648 91 599 298 351 701 825 144 138 961 501 907 128 297 81 56 230 110 504 388 669 521 179 388 581 952 20 968 210 357 721 173 552 973 690 659 654 618 287 498 671 239 83 344 919 79 675 865 767 761 335 227 127 92 583 718 344 949 389 83 959 866 187 179 835 42 925 745 260 734 174 911 386 341 478 215 985 162
895 878 486 645 162 425 691 919 699 634 526 277 936 128 647 153 844 186 729 308 57 525 886 905 114 144 229 102 448 562 229 950 383 804 2 617 523 381 657 585 302 52 444 872 91 90 961 436 673 360 506 721 81 618 528 560 159 966 453 507 426 176 434 424 597 164 522 143 995 131 700 712 352 502 982 939 797 499 789 58
537 181 286 131 31 697 779 467 597 568 72 690 237 306 210 927 852 898 59 875 849 836 24 825 588 51 881 949 876 79 415 399 103 365 993 515 860 201 193 585 524 67 13 991 860 296 225 724 906 170 182 603 374 595 144 487 753 840 91 751 122 636 21 121 807 110 587 271 165 274 339 968 572 85 681 485 963 483 752 649
805 469 223 619 462 712 474 104 58 600 354 286 819 301 239 287 742 99 57 342 596 433 770 110 736 694 633 705 243 351 663 398 242 972 112 929 774 181 767 474 464 456 397 810 873 738 280 161 628 105 781 366 188 58 949 538 655 151 359 90 125 609 387 351 747 706 620 813 109 478 930 846 52 960 520 631 415 909 631 723
2
