816 37
10101011011011
11000000101000
10111110100111
10000000010011
00110001110010
10101111111101
10010110110110
10011110001100
00100110001101
01101110000011
11111010110111
11010110000011
00011010000011
11000101011101
11001110100111
10011010111010
11100001101001
11010001111010
00011001000101
11000110110011
10010011010010
10101111000000
01111111000010
10000111001101
10111010001001
01111100011110
01110001110111
11110010010001
11010100010100
00111000110100
10111100110100
00000010010110
01000111111000
10011111101111
10110110101001
00111100011111
10001011111010
01100011011000
01110011000111
01100110101100
00100010001001
00001101010001
10010110100001
01001000011001
00100111011110
10101000010001
10111011110100
01001100100010
01010111100011
11111110011001
01001001110010
01110001100011
01001000001111
11110100110110
10110111011000
01110010111101
01110000111100
00000110101100
00100010010101
10111111001110
01001101111101
10001110001000
01100110111011
01010111001100
10010100110000
01101111000101
00111111111000
00000111000110
01100011100011
01100110001101
01101001010100
01101111001100
00100001000010
11011100011110
01001101100100
11001000000011
10111110010110
01111110010010
00100011110100
00001110100100
11010110110000
10010010000111
01110000101111
11111100100100
01100111101000
11110001101101
01010111010111
01010100001111
01010001010000
01100110100100
01111101000010
00001000100001
10100011110111
10100000010110
01111011000011
10011111111101
11010100001000
00100111001010
10001010100101
00100001110011
01011000010110
11010110001110
11110111111100
10001011000001
10111101010001
11101000010000
00100111010010
01000101110000
00011111001011
10010010100110
11010001110011
01111111100000
11001001000100
11000110001111
11111110111101
10101100000001
11111000010111
11001100110110
01011100100100
11100101001110
10010001111111
01110010111101
11100110011100
00111000000110
01111011101100
10010100110110
00000101110101
00110111011101
01100000101101
00000100011000
11110110110001
10010000100110
11000011101000
00100010010010
10010110111011
01101001001111
11001011110001
01001110010011
11100111101111
11001100010010
10001111001100
00101100000101
11101111000001
00100000000011
11010111100101
00001001011010
10101111011111
10010111111100
00010110011100
01011000111010
01101110100111
01011000010000
01001100110000
11001010010001
01110111100010
01111110100100
10101010001101
10011100000100
00111010100110
01111101001000
11011110001111
00101111010111
10111000111100
01101100011001
10110001001000
10001000110100
11111001100101
10010011011100
01000111010110
01100110000011
00101101110100
01001101111111
11111000001101
00100101010101
00101010010001
10010110001011
01101000000010
11101100010010
10110011000000
11101000000001
11100010101101
00010111111100
00111011001101
11011001110100
00000110101101
11000011111001
10101101001101
11000000011100
00010111101100
10101101101011
11111111101000
10001000100101
11000001111010
00000001010010
10101000001110
01001001111101
11101001011010
01100101010101
00001101010001
11110010011000
10110010101111
01010101011001
01111000000001
11010000101111
10011100110010
01110110110100
01101110001111
10011111101011
11101000111110
10100101110011
00100001101010
01011010111000
01110010111010
00101111111100
11000010000111
10000100001010
11000101111110
10100101011110
10001000111000
00010011100011
10100101101110
10110100101101
11001101000000
10000100100000
10101000101000
01011011011101
10111110101000
01000011110101
00011000100001
00011011110000
10111000010110
11011001000111
11101110100110
00111100111110
10101010101001
11011100011100
01011100010111
00111111011000
10111110110101
01001101010001
01011111001110
01110110111101
01000001110010
10001111001100
10111011011001
01111110000111
01011101100011
00101011011011
10101111000000
01001101110101
00110010111111
11110110011011
11011110100011
00011110100101
11010000010100
01100111001111
11000010100110
01001101000100
01110000011111
01010011000001
10100010011110
00111100011010
01100000010111
00100110010011
00110010010100
01001100000110
10101111101011
11111110110110
01001000111010
00111100011111
10011011011101
01101101001000
01011001000111
00001011110111
11010000011011
10000100111001
10001000000011
10001001111000
01111000000100
10100111011100
01100001001100
00010001110101
11010110111010
11010100101010
00111101011010
00010100000110
10010101100101
11111001101110
00010011110001
00011010010101
01101111100101
10010011001011
11110011011111
01001011100100
00111010101110
01010010101010
11011111001100
00101111101011
00101111000001
11111000111101
11001100011001
10001000000010
11100101000001
00110100100001
01111011101101
10010111111011
01000111111010
11100100111000
01010010010101
01110000101010
01110100110100
10111000000001
01010100000111
10100110110000
00000010111111
01011011101001
00000010001100
01100001011100
10000000011000
10011110111110
01101101101100
10000011001101
11110011110001
10000000111101
00011111000100
00110100000101
00000001010010
11011111111111
01101101000010
01010010001111
00000101101111
10011000110111
00001101000101
01110101111001
10110111010111
00011101011000
00000111010101
00000011001010
01011010101011
10010010111110
10001110100101
10100110000111
00010011100100
01011111001001
10010011100010
11110101010011
10000100111010
10000100000000
11001001100111
11101011110010
01011010100000
10111110100010
01010001100000
00000111000110
00001010001101
10100101110110
10011010010110
01101101000111
10101010000111
00101000100000
11100101111101
01000111010100
10010010101010
11101001110110
11001111111010
00010011000110
10101101000110
10010110101101
00010110001101
01101011100011
11111110000001
10001000010100
11100010100110
01110111110110
01010110010110
10010100101011
00101101110100
00110100110010
00101110010100
01011101110000
01001010101111
11110101111001
00101000011110
00110010110001
00000101110101
00110000011111
01000010110100
01111001000001
11010000011101
01110001000000
00111110110101
10011101100101
11111111001011
11101101100011
01010110001100
11100011010111
10010010100001
10101101110101
00000010001101
10100001110101
01011011000011
11010110000110
01110101111111
10010000010010
10100010010101
11000010010010
00101001011001
00011011011101
11000101100111
01101110000011
10111111010110
00001100010000
11001111000011
10110101001100
10001011100110
10101101001100
00010100111111
00101100001000
11111110010001
11010111001000
11100001111001
00011001000001
10001101101010
01001011100101
10000000111010
11110100111011
11011110100111
10001100000111
01010100000100
01101101001001
00001011101101
10111110001100
11111110011111
11001010110110
01000011111101
11000001011101
11111011011100
10101101000011
00011000000011
11101100001001
10010001000000
01100001111010
00110100001011
11111011101010
00110000010010
00110111100001
11010100111101
11100110001111
01111101011100
10001101001000
01001110011000
10100110011111
10111110000001
00001101011011
10010100100101
00001000111101
01010000110011
01000001111000
00100110100111
10011011000111
01001101111010
10110100101100
11110111111000
00000111011110
11000010100011
01111010101010
11000101111011
10010001011110
11010110001111
11001101101100
01100110001000
10111010110001
10111010000011
11001110111001
00010110000010
00011001111100
11101110100110
10010011010000
11000001101001
11101001011101
10101001011110
01011100100011
11001001000011
10010011111111
10001100101100
10100100111101
01011110010110
01011110110000
10111100010001
11111100000111
00110010110011
01001110000001
01001110100000
01110111001000
10110111001111
11000110100101
01111001111110
00001001110010
01100110111100
01110111111001
11110011101110
01100010100011
01010101110111
00101000000100
10101110001011
11011111011011
00010111111110
10101111100101
11011011001110
00101000001101
00010111101100
00010111010011
10110100010011
10100110100110
11101011010010
00100000111011
10101000110110
10000101101010
10100010110010
10000000101001
11101100110010
00110100000110
01111010110110
10100010110100
11010101010100
01101001011111
11000010010000
10000101101110
10001001010000
00000000000101
11100101101011
01111111110110
11100000000101
11000111000110
10001101000000
10111111000000
11101100101101
10100011100100
10111010100000
11101110101110
01000111100100
11010011101011
10101101111011
10111001010100
11111010110001
11001110111110
01000111101011
11000000000110
10011011100000
01110011001001
01110101101001
01110101100101
00001011111110
10101111010110
01101001010111
00100101011001
10011101100100
11011110011000
01011010111111
01010010100001
00011000011100
00011000010100
10100110110111
11011001011001
10110011001111
10100111100111
11000110001000
10000100000100
01010010011010
00110100001001
10111100010001
00000110010001
00011000100111
10010010110100
10011000000001
10010000100010
01010011111101
10010000100000
01001101110001
00011101100010
01111110011001
01001000100110
10001110100101
10001001101011
10110011100000
00011010101001
01001011001101
00101110010110
11111110100101
10011110100110
00010101101001
01011000010110
01101111110010
00101010011001
10011110000100
11001000001010
10100101011101
00001001001000
10000000101000
10010011010100
10000100110011
01011011001001
10110011101010
00110101111100
00110100101001
01101011001110
11011101010111
11010101011010
11000010101011
10111101100101
11100111101100
11001110001100
00110100011010
10101101001001
00101001101011
00110010111110
01100001100001
01000010000001
11011111000100
11100000001001
00100111010010
11010111111110
00000100001011
10101110101000
01101100010010
00110101011100
00101001101111
10110110010001
00000100101000
10100111001011
00100101001100
11001101010000
01111010101100
01010011110011
01110000110011
00101101110010
00111001101011
01001110011101
01101110110011
01110111101110
10111011111101
10101011100011
00110000011000
11001100111001
11011100100111
10101110010111
01010001101001
11011010100000
11110100101001
00000111100010
01100010000101
01001101011101
11100000110110
00101010110111
01010110010110
00000111100010
10111111001001
11111100111011
10101000110011
01100010010101
11100011111001
01111011001001
10110010001110
01001110101111
01011101101000
10111100010100
01100101101000
01101010111111
01100010011110
10101000010111
00101001111100
00110011011011
10110011010111
01101001010011
00110000011011
00001111010001
11011111111110
00100101110101
11000000011101
11111111011111
01000001101110
00111101010011
00101100011110
01001000101100
11111000000011
11110011011101
00111010110111
11000010001000
10110001111001
10001101111110
11001011010111
11101100001110
01010110101100
11100010010000
01000101011100
00011001011000
10010010111110
01111100101011
00110100101110
00111000100110
10110011111010
11101011011110
00011111100010
01000101110100
11010011100001
01100100100010
01011001010110
11111001000110
10010101110000
10011000000010
10010000111101
10100010000000
11001010100010
11101110100100
11100110000100
11010010100010
11000111101101
01110001001101
11101101110011
10011001010011
11001100101000
01111000000010
00010011011110
11011000001001
00100110001010
10100111111110
11111110000000
01010110101010
00110011101010
01011001001100
10010110000101
11101110011010
10000000011011
11011010100111
11101111111100
11110001011111
10001110001011
11110100100111
00110100110110
10111001101001
11101011111000
01011100101101
10011110100101
10110111010001
10001110001011
11001001111001
00011110010011
00011101100011
01000111011001
01110101000101
01001111000011
01001111100101
11010011100110
10110001110010
00111101011101
11001101100110
11111000001000
10001010110110
00111010010000
00000001011001
11010101110110
01001101110001
01110100000100
01000111010100
11110000101111
01110110001001
00111011110001
01000110010111
11010111101011
11010010110100
01101111000001
00011000000111
11110111010111
10010111111010
10101000111000
10100110001001
01110001001011
00110010100011
01000110110011
01001111101101
11010111001001
01100101110011
11001111000010
01100001000111
10010111010011
00111010101101
00010100001010
00101010010111
01101100000000
01000111101110
10110001001000
11010000111011
11101001101100
10001000000110
10111011010111
01000001101100
11000111110101
10011011101000
11000010100010
00110001001100
10011110100110
10110000010111
01101111001011
10000101101011
10011111100111
10000010111111
11001111010110
10100110001110
00111011110100
11000100011010
00001000011101
00110110000111
11111000001010
10010110100101
00001010011010
01011001010100
or 406 669
xor 72 638
or 695 92
xor 600 280
and 283 530
and 1 344
right 613 7
right 248 45
left 132 21
left 269 21
right 737 27
right 152 4
or 603 491
xor 154 275
left 336 14
or 103 431
right 690 37
xor 497 221
left 730 17
right 647 30
or 183 415
and 516 568
xor 543 355
right 662 61
xor 245 717
and 358 5
and 687 567
or 111 248
or 172 35
left 767 58
right 118 49
and 137 309
left 768 4
left 131 42
xor 585 815
and 653 229
and 209 788
