958 483
010001001110101010010000110010110110111000010000
001101101000001011100001010110111001101000000011
100100001110100000000100111110100110100110100111
011001100011001011011000010111010111001100001000
101011011000001010101011110010001000101010010110
010111000000110011001110111011010001100110101000
101010111010111111100111111111101000011000011010
100110001110010110000100001100000011000111100110
010010010101001010010010100001001000001011110001
100101110110110010010101011001111001100110101101
100110100000101001111111101100010010100100110010
100111011101101000010000011110110101000010110011
010011010100101111101100011000101010110110100000
110000101011100001110111100010001011000101111100
011000011010010111011010101111110010110011011000
010111111100011110100101101011010000101011010101
000010101000011011011110000010010010010111110001
000100000011011110111111000010011001001000011100
110101011010111000100011110000111101000110001101
110011100110101010110001001101110110000011001100
101000100110000111110111110010100000000110110100
111111000001110100000011011101111000110010100100
000000011101011111110110000000000001000110101010
111000001001101111010011001101010110011101010101
010011001111011010110000101111010100000011101000
111111111000111001001001101001011100011110111111
011010100010110010110011000111000001010011000011
101100010100010110011010110001111000001111100111
110001011011010110100010000011000000000101000000
010001001000100010010000001001000000110011011010
011001101001111110011010101100110110000000111111
110011011000011000011011101010101100111011011101
000111000101100010101010010110010101001000010001
010011010001010100001011010010111111000101010100
100001100001001010100111010000000101001100000101
011010110100100011101011011010011110010000000100
010111000101100100101101101011010000100100111101
101011011111110111101111001101011101000111000101
011110111001100110010000110100000111100000100011
010110101111011001111100110111000011001010111111
000110100111011010100000011101001101111111110000
110100101100000110010001110100110100100110111100
011010101111010001001010101011010011001101100100
000101111011000000000110000000100101110000100000
000001100110000010100010000000001011101110110000
010011010010111010110001101101100010111101010110
101101011111000101100010111000010101010001110100
010110111110111000101101100110101011000111110110
100011101010010011110101000011001001111011100101
110100000101001001101000110110001011111101111010
000100100011001000111110001000000010010010110010
010001001101100101110011011010001001100010001011
100000101000110010010011011110111111100010101101
000001011100011110001010100010111101100011010001
010111101110000100010111011011000010110001000010
001010011111011110101100110110100001000111001110
001111100010000000101100000101001111011111111110
100010111111111000101110001110110011001100011111
011101001111010011010110111010111001101101000001
100111101000111001010100000000101010111011001111
110101111110110011100010110011100011100011000011
000001010101011110000011110001101101010100000011
010111010010100001100010000000001011100101001001
100101101011010111001010110100010010001100101100
000011001011000101100000011101101100101000110101
111101100000111111100000111101011001101001001110
100110101111001101011010100011001010010100100000
101101101100011110001011000000000011101011010100
000111110100100101011110101110110111101111101010
101111101100110111101010100001001011101011001000
110011001000010111001001101011000011111100101110
000100010001100011100110100010010010011011010011
101111001001000001001010111110001010111001100010
111010111000110011001101101100110001010111100101
111001111001101101010101000010101000111100010100
001010010011000000000110111111011101100100100101
101100111010110100000010000111011101101000101111
111111101111010000110011001110101010100101000000
001101011101111001011101000100110101000110000000
101010000011000110010011011011001011011010110100
101100010111000001100001000011011000011000010010
100101001000111110111001000101111001101000001010
001101001111010010100101101000000110100010011010
110100010111111101111000001101110110111110001001
111011011101011000011110111011000100001100001110
111110100011110000001111111110100011111110011011
111000100011101101010101010111100001111100010100
000010011011001000111001000000100110111110010101
110101001111100011000111011011100010101010000001
101101000101000101111010011011100110000010000010
101111110000010000000011011110101110011011011111
110111000011001111110101001110100111001000101000
110100110000010000000100010100110110101000001010
010001000110110101001101101100111110000110101101
001111011000011000010001010110110011010110101000
101101110101111100001111111111101001110101110000
000110011100011111100110001101101001000100101000
110101110000111111011001000100101111010010110001
101001001010000111010100111111101001101100100111
000110101000110011101010000010100111001101010011
100101100101111100000000101000100110100110011000
010110100101101010000111100101100111011000110011
000011001011100101000000000001111110111000011011
111011011010011100010100101000110011001100101000
101111101011101110010101001101111100011000110001
100101001011111101101001000100010110010110011101
111000100110100111010000001101010010001010000011
110000001101000001101000010111011111111001100100
011111100110111000101001001011001110110101111011
001110010111111011000110010111100011000011000101
011001100101011011101100001101000010101111010001
111010010100111110000111010010100101110101010111
111100001001111100011011111100011101101101010101
100011000100101001111000101100010101000110100100
010010001111100010110101101011010011111011101100
001010010111110100111010101011011001000011100100
111110110010001101001001111001000010001110110000
010110011010110011001110101000001100101100100101
001110000101111001110000110100000001000110011111
101111101011010110000011110000010101001100100111
101100011100101110110010100110000010010000010111
100101111000010011011011011010100000110110111010
100001011110110110100111011110000011110001010101
110111110001000101000000111001110111100101101110
010010011111001000010000110100101101100111011101
100101100011001110000010101111011100000001101110
100100100111010001001011101010000001011000011010
110011100001100100011110111100111100110100010000
011001000110100010001011000001010010110101011011
011111111111010011100100101000101110001100000111
000110100110100111110100110101101111111100111100
000010001101010001110000110000000011110000011011
100000011011101100110100101000110111100000110010
100110100100111001111111101100010001001011000100
011110100000000000100001100110100011001001001001
111111101111101100001001110110000001110101010110
111011010000000000001011111100011101000100100111
011110101001000110010000011110011100110010110111
011001101010011101111110000001000100011110110000
010111110110010100110001101101101110111100110100
111100110000111010001110001011000000011011001110
010111111010110010011010101010011010101010000101
111110100010011000011000000011010101111000000100
011111110101000010100100100101100111000010000001
100110101101011000110011011100010001111001111011
010010111101110110001100111010111010010100111101
001110101001100000101111100100000111110110000010
000110000010010010001010011100100001001011110101
100001101011011011110011100000110100111010111010
001001101101011011100001010011011011101001001100
010010101100000101010000100010010011001111010000
100100100101010011101110011011111100100110011011
111000000111000111101110010111000100001010110001
101010011010010010110011000000110010001100100111
100101001000011111111001110101011001101001000011
100010101111010110000100010010100101111010111110
110111110001011011000111001100011010100100001110
011100000100100101101110100111100011011111101110
010001001011001010111100001010001000100101001110
100010100000000000010000101010100110100000000000
001000010100110001011011010010011111101011010010
011111110110111001001100001000001100011100111000
100010110010111001110000111011011010001010101000
111101110011000100010111001100111001110100100110
111011111100101000001011001001110011110101111011
011001101111001000001011100000011111000011111001
101000000001000001101101000100110001101101010010
100101001001111111001101100111100110010100111001
111001110001111111110010001000111011001001101010
111010010010001110011111101001000101000000100011
100011101100000000100101111001111010101111110110
100100010010111010000110101111101101101100111010
001110101010101111011100001101011100111010111000
101000000010111001000100011111101111111111100101
011101101010111000011101011100011101010111000100
101001101111110000111100100111001111100011101001
000011001101001110101100001101101101011001101011
101010000110100001100100010001110011011011001101
000010010010101110111000100111011010111111111000
010100010000111011000010101001101101100101100101
010011000100111001111111001010011000100100010110
000111001001000100101111110101001010100001101010
000111001001100001111111011010010011110000010000
111100011010010111000010010010001111000101000011
100101010011001111011111011111001011110110010001
111000101010100001001010000000011111100001001000
100011111101100111001000000100111100111001011000
010110110110000100111011010101000011111100000010
001111010000100110101011010011110001100010001100
110011111110100110001000010100111110101001011000
101001000000111010101001100110100000000000110001
111011111100110100100101010000111011100010101111
001010111011000001111100110001001111100100010111
000010001100000001110100111000100101011100100000
110110001101010010011101100000010011111000001010
011000100100001010101000000001010011001001001100
010111101000101000100000100000101111011011001100
110111001011101011100001101110101111011000110110
010010110001011000110010101110111111100110011111
000011000111111100001010001111011110010000001111
111011011000100011101101101010011110001101010011
101000010100001110000110111111011011011011011100
000000111001100101001110011111010010001011101110
000111101010011000001100010100110001101001000100
001111111111100101101001110000001110100001111010
100000101100000100110110000001011011011001000010
011100110111010110111011010001000111110101010101
110000101101100111000011100110000100110010000011
101000100111101111101100100101001100010001011110
100001011010110110111111010011000100001100110101
110001111010110100100100111110001010001100101110
110100110011011000001111101011000110101100010010
010101111010100111101101100101110100011101111110
000110111101100111000110010101111001010110100110
010111110111000000110101111010010001100011100100
111100011110010010110110100110101101100000101101
110001011000000110001001011001100100000100100111
011110001100010000000010100111110001001011010010
000001011011100101011011110010010110010011101111
010011110111110101010011101010100001110001101011
110011101101101101110110110010101001101110000100
011001010111111010100111111101100001110100011010
010000111000010011110000011110111111100100101111
000000001110001100110101011110011001100001100010
101100001010000100110100010010000000000100010000
010000111110101001001110111111111101110000100000
100011001110110000101001011011000011110011100101
111011111110011010011010100010100001101010110001
000100010010100101001100011011111011011010001111
001110111011010111110010000110110001011010111110
101101101000011011100001111000110010100000001101
001001010100110111111110000111001101001011100111
000100100011101010100000110100100100110110100001
001100101110100000010111100100010001011100101001
000011001010001101000110110010111000101100100010
110100101000001101011101110011001111111010010110
111000011011101011000101100111100110110011101110
010000100110110101010011110101100000010100111111
110111100110010010011100111010101110001110111010
000010000101011100001110110111111110010010111001
000111010001111110110011000000101100101101111000
001000100100000110100100010110110000011011011101
111001010001101101010111000010100000011010000100
001011011010100111110111110100100111010110100111
010000011000010001100110100000101011010110111010
100010010010001100001000011010010011010111100010
001101110010011010001010000010010110001110111001
001100100001011000010001011011111001010010011110
101101100001110010111101000110100010100101010010
011001101100110100110011110100101101010010001101
111110001101110000110111111101011110111101010011
110101000111110011001111001100011000100101010111
010111111000001000010010111100110101010011001100
101000010000011000111011111001001001000000110010
011010101000110010110101110111000101011110101100
111001110110010100001000010110101001010001010001
001101101110100011110011100000110001001111111110
011111001001010001101110001111000111011110111111
011100000110010011110111100011000110010010011000
110101011000000010111100100110101100001111011011
000000011000000010001110111000101001010111101000
000110101011100000111101001101001000011000110111
000110000110011101000100101110010010110111011111
011000110001111110101100100011110010001011000110
110000110111000010010101001111100100010001000001
000110000011101110111100100101011001101100110001
001011001011110100011101111101001101001111100110
011100011101110000111100010010111000001000111111
010101100101110100101001000111110100010111000110
101011111111100111000011110001000101100011101001
101100101100000000110010110110000111101011001001
100100111000000111000111011100110100101000000010
010001101101110100100000011110110110111001110100
110011000111001010001101010000101101001000000101
100100000110100110001101101111011001100111111000
000111001111010000110100011111001010100111000000
011011011110010110110101001101101100011100011001
000010000110100010001110011101001011011000010010
110011011101111010101000011111100111010111000001
001000011100011100001100000001111111110000011101
100110110011110001110010011011100111111010101101
010011001000110110101000010000101001111011000101
110010010010011111000111010100011010111111110011
011010010000010111101010110111010001001001100110
000100001010100100100010100011011011011111001011
001000000001101000111100000101000100000000010111
110000001011110100001011111100011011111010101100
000101010110011100111010101001001111011110111101
110101110010100011010101100011000010011011011010
111100110101001101100101000100111010001011101110
000011111000011100100110000011011011110111110000
101110110110011001110101010100110001001110100000
111100011001110101101010000010001000001111100110
001100011010100000001110000101100000101001011001
101000001011111111001100001111000100000100011110
111001010001111101101011010111100001010010101000
110010111100100101000001111011001100110010100111
001000111101001110001010000110000100100110010110
110111111001001001011000000101110101100001101001
001111010000111110000000100100000101101101111000
000000000011011111001111100000010011001100011100
100001011010111110010101100100110010111100111000
010100001011000001101011100000101110110011111100
110011101111101111100110001101110110000111001010
101110110110001100100101100001110011001010100010
101111101110001000001100110101011101011100110110
110001110110111000101110111000010100010001110000
010001000100100110011001111111100101001111101101
100000011101011001101010110100000000101011110000
111000011100100010001000100000001101011101110111
001101111110100110011111101100000110000001011001
010001110000100111001001101101000001000001011011
111011001111011100000000100101010111011101010100
100100000010111101000111010100100010010111100110
010011110101101100000011010001101100101110010100
000010111111101001011101110100101000001110001101
000000111110100001001110011101010010001010001011
110011111001100101101100101010001010101001011011
000110011110110011111011011100100110111000010101
010010111011001111100011010000011011000011111100
011010101000001010110111111001101000000101101000
010111000100110011011111001110011000110001010110
001110011100101100101001101110110101100001011000
000100010100001010000010110110110100111100100111
111110010001011101110101101110001111010010101011
000010100111111111010010000111011011011101010001
100101100111010011100010110010101001110111011010
000011101100101001010011111000101100110001001101
000101001101011111101101001100000111001111011100
110010110110111100010100111000011010010001110001
010100111010011011010000111011110101110100101001
110110111010000010100010000111000101110101101100
001000001010100110100110110000100000000110100001
011001010000111111010011001001110111000000011110
110111001100101110010111110111100110010000010111
110001101110100101100100000011010011001110100100
011011010011110001101011001011111010111100110110
100001101110001100111011101110101111000111101011
010111101011001110111100010110011010001100001000
010100000011011110010110110010101111111100101001
000011001010100010001101010110010111011110000011
010000101100101110001010011100001001000110110000
010111011101111010100111110011000011110001110111
111101000101001001110101010000011101011001001101
011101010011010111110000000110101011110110001110
000010010001011110001101101010111110111111011000
011001111011000110101011000101100000111110001010
011010110100001001001110010110101000110100010111
001110011000000100011010011100000100101000010100
100101110000000110100001000010111101010010010001
111101000011100010111010010110000000100111101100
011110001011011011010101011011010000000001110010
001011111010101101100100011101101000111011001111
111100111101011111100011111011100110101011010101
110101110001111100011100100110100100011011011101
001101111100011001000111110001101011110001100001
101100011110000110101111000100011101000111111010
001110000010111001101101010111011101111110101001
110000101001100111000111100000110110111111001010
110101111111110101000111010111111101011100001010
110001100111100011110001101000000000111110101100
010100011111101101001110100000101111110000000110
110000000000011100100100100100011010010110110000
110111101001000101110101010001010101010110110110
101101101101000110011011000011100000010100010000
001110010100010010011000001101101000100110101000
010010001111000100010010000100111111011100000010
010111111100101110011101111110100111001011001111
110001110001001010000101000011101101011011011101
001011011010100000001110011001101010110011000010
010101100001011110001000101100101011101010111001
101000100011011111001100111100010111101000101010
111111101111110111000100011100010101001111000011
000010010110011000100001101010110110011010011111
100100000101010011011010011000100110100010110001
100001010110100100010011111111001010111110100000
000001110001100101110001000000100100010100011001
111011111101111101001011000101100000111111000000
101000100001111111100111000100110000110110001100
011100010000010000011101111101111001100110010000
001111010001110000010001101101101001100000101101
100111101010100000111111101110000101011110100000
000111110001000110011010000100110100111101001011
000101100110011000011101010011101111110101100111
110011010011101101010000011000111000100101010000
111111110001010010000010000000011101010000100001
010111111111010100000110100101110101011010110000
011000010111000010111010111110111001000111011010
010111000111111011101011110110111100101100111001
111010111000011111100010101001111000011111111000
000001010100110000001001110001001001001011000000
011011100110010100100000100111010111001000100100
010010000111011000101011101111110101101111110011
001110000010101011100111001000111100110011001100
100111010110011100111110010111101110011010111001
011100100011101010011100111111000110010011101000
000110001110100110011010000100000001001111101000
000101100100101101001110001101001011100110000110
010111111010110010000000000010011000110001010101
101101101000001101011011100110000110110010110000
001101011000100101010011100111011100001100110110
111111101100001011001110111000011011101011101001
001110111110111110000110100000100001110001001010
011100110100111101010111001100001111101111100010
101011111011011101011101011101111110001100001111
000010100010101011011000000000100001011000011000
100000011111101100011011001101011010001110000011
010111101011110010000111101000101111001000110001
001001111011001110001101011011111111001100001100
100000000101011100101011010100000000100110010110
001100000000000101111001010001101011000000110100
010010101100110010000000011011011010100001010110
110110110111000100010000101011000010011001101001
001001101001101001000110000100100011101001101101
001010001011100101011101011101001001001110101111
001111000011101100000101111001001110010010110100
100110101011111000100101100110100011000011100110
100110110101001001001000101110100101110001101111
011110000111101111000101001110011100100111001010
101011111000101010110100110010100001110100110111
100101110011001000101111100110000100011011111010
000011101011001011111010100101110111000101001010
101000100111000011011000110111101110100011111100
001101110001100111101100011101101001111011111100
011101101111000000111011010100011101001110110110
111011110110111000100001010000011010110101100100
100100011011000100011001111100110100001111111111
110010001110101110010111001110011010010011001100
100011101010001101110111010100000001111001001001
110111110111111111000000101001110011101010101010
110110000101000001011110100001011010011001101001
101110101001101000101011101101000111000100001101
110011111000000001101110010110000011100110111111
001100101110011000110001010101000100110111110010
000100010100011001000011100011010000111100101011
111000111010101100011101101000000100011111111001
001101011000000010011001110000101001000100110110
101100011011000110010101100011011101100101000001
000110010010111101001111011001100111010011010101
001110001001100111111100101101000101101100000011
001101111101010000000111111100101011100010001000
000001110010100001110111111110110100010001111111
100111001010000010111101010101011000111010111110
100010011001001101000101110000110100101000100001
001011001011001111101001010100000101001110110001
111001101111111101010001010111000000101010110000
011010111101011110100011100111110111100011100111
101110001110001010100111001010101110100011011111
101110101000101010000011110011101101111011101000
001100011100011001100001110110101011011001010111
001001011000000101111011110111011101101001001100
011110101110100010000100010000001100110000110101
100110111111010100011001011001011000011001100101
100000011111010110101000110010100111010101101110
000100100001011100001001111000100101011011100010
111011000110001011110010100111000101001000000100
001101101110010001101001111100110100010100001000
110111000000011001000100100000001111011011011011
100010000100110101001100100001101100100111010000
000110100101101011111101000010010001010110000100
011111010001000010011000000111110011111101001010
010010011100010011010100011110001000001110011001
100110011101101001011101100100010011010001111010
111001100010010111010110001100111001011010001010
110101100000010100101001101010101100010000100100
110010100011000010011001110100111110111110100101
100000011001010100111010000010100001000001100011
010111101000000101001000100000101110100001111101
001000000000010101011000111001111111111111100111
010100111000111000011100110100001101111101110001
000111100001001111111001110110010100010010111110
001101010101110000000001101010010010111001100000
000001011110101100110010110010010101000110100010
101101110011000110010001011010000010110111011000
101111110000100100011000101110100111001111101110
111010010001011001011100010100101101110110111010
111101100000010101010011000001001111000000001100
001010110111011100100101111001000001010100001100
110101010010100100001111111001010110011011011001
011101010111100111011110011110011001100111001100
001110001110101001111101111001101001101010110010
011100011001111111001111100001000001000100001111
111000110111101101000110110101010100010011101111
001010101110111111011010110101001010001010000101
100001010000111110110011110110000000101000011100
101101110101101101101001001101111110001010000111
101001011101001010010111111010100000101010000101
100111011110100100111110110100010000101010000010
111000010100100000011100101110101001000010110110
110000110001011011110001010101110100111011110111
011011010000001011110011001010001100000010010110
101110110010010000001000101100111000011110100100
101011000110011111101010000010101010110111110000
010111111000010111101100111101100111000100111000
101011000100010011110010001000000101010100111010
110111011110100110101110101000101110010111101101
011100110011101010110111001001100010011011101011
100111010110100101000110000011101110110101110110
011100110111101010101110001010101010001010000111
000111110101111110110010010011111100100110001010
001100100101100010100111100001000110101101011011
101111101101001011111001110110000100010101001011
100000011001001101100100001000110100101100010100
111101011110101111101010011111100010111100110001
010101101010110111011101011011011011101011000001
000110011101100001110001101111111101000100010110
000000100111000000101111000011111101111101111111
001111011000111001111101010111111001100000011011
100011010011000100000100111110001110010011011011
111100001110010101100110011110100000000111111001
100011000111000010010111001101101101001010111110
101110111011101111011111100000010011000101111000
001110011111100101001001011111010111010100010000
000110111001100101101111111111110011000000111111
101010111000000001101101110011101001010100000000
111001111100110000101101001001110010100010001011
000000100100011110110111100101011011001010001111
100101111100011110100000010001101111001011010110
100100111110000011110011011000010010101000000001
001000100010010001111011100100100001001000110110
001110100111101000110010101111111010000110000101
110101010101011010010101101100011011010000111010
010000111111110001000001110001100111100011101011
111011100110001010100010100001100000110001001100
101000010001011001010110000010010110110010111001
101110100100101000011010000000110000110100100000
000111010010010010000000010100101100101101100101
010010001111100000010000110110011011011000100100
111111101110011100001100100010011000100011011111
111110100101110111101010110011100111100110011100
011110111110011100011000101011111000001111000110
111001111011000101101100000011001111000101000110
011101101000100011111100110100101011101001001100
001011000010010111010110000111111010011000101101
100101101000110001001101011111000010000100010010
100010110111011000000111110110110111011000101011
011001100010011000101001010011110101011010011110
010111100100011001101010110011010100010000001010
100011101100011101101101110011001110000111110000
010100011000101110100011110111110101110110111000
010010101010100110011101110000101111101001111111
110100001001010111001010101010100110110111010011
110111101010100100111001110111111100011110100110
110110001011000110111000011110101110010100000010
001110011100101110110010010001001000000110000110
111110110110000000000011110101100111110100110010
010101011001001011000000011010000010011101001000
101111110100100111110000000101011100000010000001
110000001111011101001010011001010010100010111000
000101001111010010100101100100101101100011110111
100100010001111011101100011001001011001101011110
110000111011111111001111111000011000011110010001
101000111010111011010100001001111111110111100011
010010011111001010111001111010110001000101101001
000000111010110110010010101001101101111000111100
100101011111011000101001110000110110011101000100
100101010101110001000010111101101010111101000100
000101110001001100111100010100100011110011111011
000110101111100001100100011110011000100011010010
100010001110001100110001100101011011111010110001
010010010000000111001100011001100010011111110111
111011011111011010011101100111001100001110011000
000000110100100011011111110110101101010000010111
010101001110100000101100111101000111001110000010
100001010010110101011100101010000100010011000011
100110111010010100101100000100000011000111111101
000110001011011010011010001100000011111000101110
110011011001011011100100101110101110010010111111
011000110001001110100101011100001011001001101011
101101000111001100100000110111000110000011111111
101001010100000010010001011100100000001010000100
111111011111101101100111111100111100010101101011
010001110101100011010010100000001001100110000101
001010000110111011101110100010111010010001110011
101111111010001110111000111011101111010111111010
000100101100010100001010101100101101111001001101
100011000110011101000001111001010011111101000110
000001110100001000111111010001001101001011011101
110001100100110001001100001111001001010010101101
001111111100000110110111101101000001111101110001
010001100010010010110000011010101100000001000100
101101000100110100110111001010000100001111111101
110000100001011001111001110000011011001011110101
010010101111110010100001101011110111101010101101
111011111010100111000001010000100001110101111110
110110001000110110001111011000011101111111100111
101011010110100010101011101111001010111101111110
010110010000110011000110001101100011000001010111
011100110100000000100000111100001111110101001001
011011000110111000011011111011101000011000100000
000011100111001110011111101100010011100111001010
011101001010011010000010100001101011111111110000
000000010010000111000010101101101011010000000011
110111100100011010111011011010000001110100011111
100000001111011011101101100111000000001000101000
010110000111011000100000010100100111011001010110
101001001111101100001000101100011111000111000100
100100111011010100100101001001010000110011100110
100110001001110111000000110111100101001100001010
111011001010100100101011011111010110010110100000
010111100010111000011000000100101001111010010110
111010000010100000101001100111100101101100111101
011101011000110100110001110010110100011011010101
110001110111000011000101000011110010101110111110
010000001010101000010010001111000001101010001001
011110110011111010100001110010111000010001010111
100010101100010100000010111101001000110010110100
100101110101011111000011100111101100111100001100
001100010101011111101111100010000110110100000001
111000010010000011010001111111001111111010010010
111101010001100011000101100001010110011111011010
111101000000100011010000111110110000010010010011
111011010100111101000000101110101001100010011101
001111100011001100000000001011110101011010111111
111101101000000010110001011100111011000110010011
001001000101110011010011010111011101001111000000
001000111100000100000111111101100100111101100110
110100011111101111110100010011000101100001010101
110100010011001011100000101101110101000011111010
010011001101010001101100111001100101001011110011
111000111001111101011010101001110000010010111101
010011000000110100101100101010011010000001010000
011111001110110011011111000000110001101100111101
100010010000111110000110010100010100101101110101
100101000011000010000011100011101101101101001100
110011101101001011101101001110111110000111001000
111101001011000111111110010110010100001100001010
100001100100001011011100010110110110001101101000
101001000110101100001111001101111001101010001101
101011111000111111000001000110010011110010011000
100101111101110111000000011111101100011001110101
001100101010100010001101110100100010000101111001
001001110000010100100001110110001101010010000010
000100000011111001101100100101110000000001010110
100010010101000000100110110101010011100111011001
011000111110011011001000101011110101110101100010
110010011010111001110100111100111000001101100100
011100111011001101011100000010011001001100110001
100000000011011111111010001001110110000001011100
010011011101010011011110011101011010110000101110
011001010101000101010010000111001101000111011010
111111111101101001101010111010001010101000110010
101000010001000001010000011000110001000000011011
111111110000010110010001100001110010101011010001
001111001001110101110111000101011100000100010100
001011111001110000110100011000000111000101110100
011000101001001000101001111101100110101001110010
110010101010100111001100011000011110100111100101
100010010100001110010001010000110101000000001110
111101100101110110011011111000010000110000111100
001110001101100101100101110101101110110100001111
011001100011101011110101001110011000110011101011
100010110000011011001000111000110111101001010111
110010000100101111111010111000111110000010010100
011010011111101000000000001111101000001110001101
001001001110100000000011001111011101000101010010
111110100010001111100110011000111001011100100010
000011001101110010100010100101100101101010101111
101110100110111101010011000111011100100110001111
001000001010101010110101100011001101101001111000
011000000000100110011011101011010000000001011001
110011100001100100000010110100011010100110001101
100001000010111010101100000110010011111000011010
000100101010011100010110101000001001111010001011
011000010110011111000100110011010100101000001110
011101110111011001001101101000001111100110111010
110000010110001110101100110111101101101100000110
100000111100010101111011011101111101011101001001
111110011001110010011101000110101010001100011010
111000010001010111111001000010001000001001001010
100110011110100000001101100001000011110000010000
000100111111011000110010010010010010001110110000
111110111110111010000011001011000110101001010010
000101000111011110100010110011001011110111010101
110001010010010111110101011001001001100110111101
010100001110110010100111110101010001001000011010
000010011001100000101001100001101110111011011011
100000111101010101100101000011101100011101000011
101111100101111011010000100011101001111101010101
000000001000110110001100001001000010110000011000
101011011001100101010010110000111010100000010010
110111001011000101011011011010001000001100000000
101100000101100010110000000000010100110100101100
111111111111010001100110000111100010101001100101
011010111100011110101001111001111010001101000111
101011100000011111101011110101000101001000001011
101000010000100111011011000101010110010010011100
010111011001010000001001110000001010011100101101
100110001001001010010000010110000011111011000101
000000000011001001010100100110010011011011111101
001011001010010111001100000110110011100001011000
000111101110101100110111000100000011111001001110
001011101111110101110001101100101000100010011001
111001111001011100010001000001110010100100010000
001011111011111110011001000001001000100101010100
001101011110000101011001110000001111000110110000
101000101101100011011000001000010011001111001010
011111001101110011111000101010011100000001110011
100100110011010101011011101100001011001110010110
011110111001011110101010011000101001110010111111
101000001010000000111110110101011101101000010111
100110101111010100011001000111011000011110010110
110010000010011111000111101110001011011010011110
010100010111111110011111100011000110110111000111
010101011111001110101110011000100100100011101010
000001000111001001010011011110001001001000101101
000011010100000110010110010100001010111001000011
010011110100001100111011110111011000011001101011
000100001011000100101010100000100111111100000011
101000010110100111011101001000110100101010000101
000100000101100110101000011001001001101100010111
101010111001101001010110111100001000011111001110
111100100010100001000110110001010001011000110110
010101110101100101010110001000101110101101010100
011001101011100011000000101111010101011010100110
110110111000100000101000101110101011000100001001
011110100001010011100110110010111101101101011010
000010001111100111001111100001001100111000110000
100000110010111101110000010110101101100101010101
000100110101010100000010110100010101110110111101
101001010001110100011010001111101001110011100100
101010110011000100101101011001010011000111011000
110010111101000001110001100110100101100010111101
010010111100010000110111001111010100111011010010
101110110001110100110001100111101010000000111011
001011101100010100000011000001110011111101111001
001000111011100110001011110011111110111010000001
000101100101000010001110110110101111001100000101
101010001001111000101111101110000100000100011111
010101011100100010010011110010011001100110110011
011110001010011111001011010011010101100011110011
011101000011110101111110000011110000111110011101
010101000001110100011111110000100100001001111101
000111001001110100110010011101000001000110000010
001011010100101101001010100101110111000010000110
001000010101000011111111111111011111101011111100
011010100001100010000101010000010011001001101000
001011101101000001111010010110011110000110111111
100010011000101010000111101000011010001101110011
001011001111110010000110110111001000101010011010
000010101110000001011111110001101111101011111111
000011111111001000110001111000110110101010111011
100110101010001100110011000100010111100101101011
000001111100111000110100011010111011100101110010
111100011111100000000010100101110111110001111000
000001101111011100011011110010010011101010001111
110010101100011010111010110001010011001100101000
101001010101000100010000000101111111001011111001
010011111101011100100011101001100011100010100010
101100110011111010100000010001110000010011110111
101001011011100100000011100011110110011111001000
100101010111010001100001100110100110111101010110
000110001010000001010001100111100111011101101111
010010101110100101001111001010110011010101010000
000101001100001000101100101100100110011111111011
000000010100111000000111100001001001000000011111
001010100110011111110110011111111010101110011100
011010011000111000010101100011000101110111100100
101000110000100100111100000110101101100100111101
010111011000100011101111010100000001100001011110
000101000011011011111010101011011001101000101011
000101111110011111111011100001101100111001100000
011110100110001101110111001011010100110101000100
011000101110011111101101100110111010010101101010
000100010001010010011011001111111101000010011010
010101001010101011010001100000111101011110000100
101111001000011001100101101010000111111000001100
100110100000000100011011000110100001010110101111
110111011011101101110100110001100110111000111101
010100101100000011000010001110101110000110110110
000101100101111000000001110110110000100110101000
110110100101110111111000010000011001111111001000
111010001001100001110101000110001111111101011111
011001000001001110010100001110111001100100000011
000010001110000100100110100101001111111010111101
111101111101011000110001010100110000110000101101
111111000010101111100110000111110000110111100011
111100101100011110101110001000111100110000111000
010101001111100110111110001111010010010101110101
010110110001101110111001110111110101100001101010
011110001100011000000000110100101100100010111000
000000101111100010000110101101111110100001011001
001010010001110101110110011111010001000100001011
100110111101010010011001101000000011010001100111
010111001010010111000100011000101110001000001010
100010011110100010100000000100110011000011011010
000000000110110111011011110001000110111000011000
000101011011001010000100010110011011111000100101
100100001011010111111011011101011011111011110010
101000101011101100011000111110110010111010010101
100000010111000010101000001111000000100101001100
110011001011111110000010100011100100000001100011
010111101010100110101101011011000010100101111011
001101100011111010001011011110010110001000001100
000100001100101000000111111001001111100010010110
011010101011110001011011010011110011010111010011
010110011000111011110101000110011001010010011010
101101000111110000101001010011001011110101011001
111010101100000001100111100000110001011111110110
010100010010100110011010100101000011010000110101
101000100110011100000010001111001100110001011101
001000010101001100111110101011111011110100101001
010010000101011110000100111011100001001011110000
100110111011111011111110001111101111000111000101
000111110001111110010001110000110001101101001110
111011100101000000010111011110101000000011111101
000011111010000111111010110000100111100011010011
100001110111101100011010011010111111001110001111
010101100001110000100010110010111101011011100000
001000010111100010011110111111011110101111001001
000100011100001010010101011010100110111000010110
011001010110100011011011000011010101100111111110
111011111000100000110101000111101100000100110110
101110110101100010010000010111100101111101011010
101101011000110100111000111111101101000100110010
000000011101001111111111001000010010111000110101
010011110010011000011010011001101100101100111111
100100101001111000010100101111001111101001100000
010000100011110001110010100111010000010111011011
011010011100001001010100001110111011010100101101
010100101000011010111110100011000010100000001100
110001001101001010000000100011100101011101000101
101101111000110100001111101111011100001101110100
110100010001100111111001010000101110111110110100
011110011000110001000010001001000001001111100100
010110110010101101001110010001110101110011001111
011011010100011001100101001000100101010000001000
110000100100101111010110110110111111100110010101
010101111000011000111110011000001011010111110111
110001100010011110011100000011100011101000011101
010101001000100001111010101011110010110011001001
010100110011011010101100000101000100111101000101
111011011111010000111001111100001100010101100101
110001010110110111110110000110000000101100010001
100111101110010011011101001011101101111010111110
011000100001010110001100111010111010010111010011
011010001010000001010000101010110111101000100101
000110100001101110000100011001110101111010100011
111111011111010000101101111101010101000110101101
001111001011110100101100110001001100100001110110
100010111110010110101101011000010101110100111100
000110001101111101110100111110110001001000111011
100111010101110110101001010101011111010000001011
101011110110110001100110110110000101011010101100
000011010100100111110011001110110011100010000011
100000100100111111011110110011110010001011000010
101010001000101100001100011010000101100000110010
110001000101011001001001010101110010110111010110
010111000010001000110101000011111100000111110110
100100001010000110101010101110011001011110010000
000101111011110010111011110111111111000011100101
111110001000111010111010100010111000001101100101
101000011010011111001110010000010100100011110010
010101100100000010110111001110111101001111110101
110000100011000111001110100100011111111111101111
001110000010000111000110000001101001001001101110
010101110110000000100000110001010001010001001001
111101011001000010111111010110000100101001100011
000001100101000000010110101100010010101101001001
000011100010011010101011101001011010001000000011
000101011110011100001101100101111101010001011101
101011011000111001110111010100011100001000011110
001110011011010110010110111100110001001100001000
100111011101010010010100101001111110011101100111
010000110011100011000011101000101001010110000000
010011100100100100000111110100101100101111101111
100111101111111101111000011100100111001111010100
110000100010000110000010101111100110000000000110
100101111001111010010110111100110110101011101100
111000011100001010101010000111110010011111111111
101010011100011010010101000011100011110000001000
001011101100111110001000010111111001111111100011
010010011000110110001110010011100101000100001010
011100001001011011011001101000101001001001101010
111011100110101101001001110011000101100111101011
101000011001101100010001111001111101100000111101
100110001111001111001111100010100111110111011111
011100001000001110010001100101001101001110110001
110110011001001111010001000001110001000110010000
101100000100000000101000001101101010000011111111
101001010100010010000001110001101100011001110111
111110011010110100101010101110011000011111110100
010111101011010110011111000000001110010011100110
111110011001001110101101011000010001000100001110
000110011101001001110100011100101000000000100001
010000001110010110111111111011110110101110111100
000111010110001011001110000100000010111000000101
001101001011011110111011011001110000100101011000
011010111110001001000010011111100101110101111010
100101000110110100111100111010010001101001010000
011110101001110110011011110110110001001001110110
111010101110001011111010101010010111110001000101
010010010110011000111110110101000000001100101001
010011000010110011001111101001101100000011000001
101110000000111001000001101110100010100101010101
001010100101110111101001101111011000011001010011
100100010111010010010100000001011000011000110111
011011011001100101100000111100000101010110010100
010010001010000011100011000110111011011011001000
100100100111010111010010110000010110101110011010
110111101101010001111001000001011000001111010000
011111011111000101001110010100101110001011111011
110001001011011100100101001100011011011101000100
110001101011000101000010111101100101011101001001
100001011101011111011111011101110110000110100011
010101011101110100110101011000101110111001111101
100111110010100001010111100011111000110101010010
001010100001100001010000001011011110111111001101
000011111010111001110001101111011100011110011111
000000101010110100101100101111001100100001100111
101011011001101011011010100011101001010110000100
111010011010101101000001001000011110001100100011
011011010110101010110001101100001010111100100000
111100010100111010001101011000011001010001000101
111001001111110110011110000010111010010111001010
000011011011000001001010010110100101100001101101
100011011000010010100100001111100101000110011000
110111011110001011110111110110100001100011011100
110111000011110110000001000100010001101101010001
001011111001000000110101010011101000101000000011
100111010111001100010100100001110111011000001101
101111111011101110101000000100110010101000100011
001000010000110111101000000001010110111010001001
111100100110011000101001001011101011001010101000
110000100101010101000011001000011001010000010000
110111111010011011111101000001010011000100111111
000100100100000001101001010101010100110010010000
111011010011010000000001000010000111011110011010
010010110011000011000111111010010001011110000000
100111100011010000000111101000000010100101011011
111101001001001001011100001100010000110010110110
001111111010111110101000001110110101001000011101
101000000111010000000101100001111101101101000000
000111001011101011101111011010000010110111010111
010001101100100101100010111110111111011101011000
000001010111001110111011010111111101000101001110
000111110101001111001111011011011000111110110011
111000010111010000010011000001111111110111011011
100101001001010100001110000101011101001011111001
001111001011101111010011110010010100000101101010
110111010011010111111110000001010010011000000011
100111101101001010011111010001110101111001000111
110011011011100111100011011000110111010111011100
011000101101110101001000101010111001011101000010
101001101001010010110100000100100000110101000000
101110110001001001001111011010000011010011111011
011100001111111111010101010101000011011000100011
101111010000100001110011101100000111000100101001
110011101010000111001110100000001000011110110100
110001011000000100001100111010001001110010000011
011101101100100000111111001000110100000110100100
011101001111000011001110110000001001100001101001
101010011010010110001001101101011111110111110100
000111001111010101000011100010010001100011111111
011000110110111000110100111010110100111011000100
100010001100000010001100001101111111111110110111
111100110000010111001010011000101011000110110101
111011010110100001110001010010101100001010000101
left 755 38
left 711 22
or 924 615
left 490 50
right 64 44
right 45 4
or 647 206
or 929 33
and 99 651
or 384 933
and 685 539
left 625 40
right 163 44
right 168 9
or 344 429
and 166 474
or 652 929
right 841 36
and 953 807
or 636 234
and 433 919
or 453 394
xor 904 557
or 55 534
right 147 20
left 889 50
or 341 354
left 192 0
left 651 51
and 803 485
left 738 9
or 255 222
and 830 934
right 513 54
or 754 179
left 81 32
xor 75 259
or 805 260
left 328 13
or 658 756
or 264 344
or 597 599
and 174 471
xor 309 27
right 786 19
and 34 670
and 134 553
xor 396 209
or 705 537
and 863 237
and 548 309
left 3 20
left 637 54
or 98 240
xor 357 834
left 795 54
and 1 810
right 233 39
or 724 570
or 785 475
xor 643 831
or 846 834
or 691 322
xor 815 228
and 8 586
or 556 423
xor 624 425
and 288 466
xor 161 40
right 379 49
or 834 511
xor 448 399
right 10 48
or 461 755
xor 1 571
xor 184 935
xor 278 602
and 224 698
left 35 52
xor 416 89
right 314 38
xor 851 222
xor 115 233
xor 851 502
and 666 503
right 108 46
left 740 0
or 839 806
right 254 15
or 668 107
and 949 229
or 783 888
left 632 14
xor 614 705
and 202 413
left 169 58
left 113 50
or 468 760
or 563 822
or 368 532
xor 70 331
or 313 922
left 586 57
and 900 253
xor 758 263
or 927 240
or 635 354
right 924 32
right 870 5
and 506 411
xor 250 289
right 796 42
left 507 36
or 72 938
or 343 738
xor 69 516
xor 891 193
or 675 925
or 262 837
and 671 386
right 462 26
or 585 282
or 673 598
and 207 670
or 187 55
and 47 890
and 339 823
xor 793 541
right 727 19
xor 896 132
right 518 52
left 429 4
and 751 511
left 920 44
and 111 714
xor 614 761
or 868 908
and 930 743
or 194 320
left 104 48
and 207 584
and 563 55
right 243 25
or 329 385
and 893 304
right 555 16
xor 724 636
xor 758 609
or 183 611
and 219 523
right 195 1
or 765 144
xor 216 387
right 943 6
left 473 21
right 525 45
right 188 7
right 951 7
and 157 572
right 641 17
left 425 40
xor 601 601
or 833 625
right 337 9
and 419 892
left 612 18
or 574 456
right 215 38
and 272 415
xor 941 99
or 26 332
or 607 742
right 375 15
right 529 42
xor 250 223
or 622 644
xor 667 260
left 535 51
and 600 556
or 279 539
xor 365 373
or 287 23
right 618 6
right 617 31
or 77 219
left 430 7
xor 92 358
or 211 893
or 588 535
right 231 28
xor 738 29
left 428 18
xor 94 935
xor 951 402
and 655 480
right 390 38
left 577 4
xor 66 256
xor 797 652
or 168 691
left 845 10
or 745 708
right 860 51
and 31 412
and 129 875
or 255 307
and 73 692
or 57 759
xor 742 598
right 47 55
and 741 462
xor 506 249
right 587 41
or 262 756
left 531 45
right 130 17
left 831 62
or 426 887
left 852 59
left 206 7
xor 825 502
and 767 50
xor 267 445
and 186 707
and 517 280
right 574 24
or 939 91
or 80 326
and 746 220
xor 94 234
or 18 867
or 403 484
right 846 59
xor 97 553
right 297 7
xor 40 687
right 924 8
and 722 556
right 449 32
and 655 247
or 623 265
right 900 26
right 78 50
right 659 50
left 797 37
or 66 607
xor 704 381
right 91 53
and 570 402
left 119 19
and 860 530
and 360 281
and 153 167
and 314 634
and 262 473
xor 897 540
and 303 94
left 186 29
and 242 563
or 642 682
right 139 46
left 859 62
left 139 38
xor 742 836
xor 657 906
left 181 51
or 120 190
or 632 185
and 905 427
left 622 61
and 247 58
left 210 57
left 454 42
and 865 649
right 760 24
left 170 44
or 887 458
left 547 27
xor 201 846
left 33 25
xor 548 566
and 304 776
or 621 80
or 310 945
and 69 555
or 542 725
xor 902 462
and 303 52
xor 654 61
or 283 94
or 788 642
left 394 61
xor 724 418
right 3 61
left 889 38
xor 782 957
left 246 5
right 935 4
or 607 517
or 742 800
xor 429 630
or 491 66
or 178 599
or 904 602
left 658 18
or 776 166
right 469 46
and 624 198
or 640 613
and 716 397
left 887 49
xor 551 168
or 11 346
left 656 40
or 880 759
left 753 27
xor 624 662
left 247 12
right 691 0
left 693 61
left 346 18
right 629 33
right 594 39
left 393 7
xor 410 72
right 3 55
left 528 47
right 315 47
or 301 88
right 900 37
left 746 63
or 462 606
or 153 243
xor 191 444
xor 522 854
left 269 43
left 594 11
right 430 6
or 403 467
left 387 17
and 905 6
and 738 276
left 629 49
and 204 621
right 887 59
right 492 10
left 922 16
right 694 15
right 628 18
left 843 27
or 689 299
left 512 7
or 750 516
left 273 19
xor 48 458
right 485 43
and 629 915
left 624 43
right 786 12
or 457 781
right 345 16
or 814 640
left 600 47
and 816 514
xor 311 563
and 565 90
right 124 34
or 155 2
xor 131 788
xor 263 287
and 747 441
and 380 297
or 93 897
and 322 564
and 888 683
xor 188 291
right 56 57
or 839 570
left 165 17
or 388 772
and 241 370
and 223 750
or 79 843
left 176 57
and 787 903
xor 812 900
and 735 956
or 228 837
right 681 6
xor 773 48
xor 3 98
and 439 321
or 407 208
left 888 26
xor 17 21
right 787 11
or 891 418
and 259 646
right 6 30
xor 261 759
and 331 762
left 579 56
left 620 61
left 162 5
left 677 40
right 180 1
right 199 52
xor 216 810
and 686 624
right 51 23
left 422 53
xor 699 646
or 339 116
right 187 16
or 227 764
xor 96 752
or 799 952
xor 771 18
and 239 705
and 77 756
and 482 28
left 692 47
and 762 108
right 525 51
and 293 138
right 275 34
left 109 26
and 493 463
right 537 20
xor 247 587
right 650 33
xor 163 612
left 130 14
xor 21 750
right 957 23
and 741 169
right 320 2
left 658 1
left 57 18
and 161 21
right 829 1
xor 567 834
right 840 2
xor 263 794
and 555 601
right 27 45
xor 692 513
right 282 61
left 144 15
left 515 44
or 708 686
xor 628 103
and 202 944
or 766 57
left 165 55
xor 415 640
left 642 34
and 763 465
and 505 417
xor 21 932
or 516 682
and 532 160
xor 233 362
or 707 171
xor 58 144
or 777 559
or 731 51
or 240 814
xor 537 169
right 912 52
or 186 514
left 146 36
left 18 22
or 641 71
and 364 895
xor 700 523
right 527 60
xor 728 537
or 436 116
xor 369 836
left 84 39
xor 482 19
or 83 803
