608 331
1000111010110110101110010000110010111010001001111001000
0001111011100110100001110101101010101000110100100100011
1010100110011000110000000100010111101100100110101111011
0011001110100000000110000111101000111000010000101110010
0011010001110110111011110001011011010010101111010111000
1000111100101011101110100011011101110100100000010101110
1110011110100000101001001100000110111010000000011111011
1000000110011001001000111010100010010111110100000010000
1011111001001111101000010001001100101000000101011010011
0011010010110110100101110100111010101001010000000010101
0010100100100101111011011101010011100100110100011010100
1100111000110010100100111110110000010110001000100110000
1011101100110110110100001011011110100010010001110100110
0110111000110001011110000111001111100000001100001111111
1000100011111101001101100001111001110111001111011101011
1110011111001110111000001000000111000111011100011110010
1100000101100111101101111001011011010000100111101011100
0101110100110100100011110111111101100111110100110101011
0101010101000011101110000000001111010100010010100111100
1001000111000110101011111011111111010111010001111010111
0101110000000111001000111111001111001101111100000010000
0011010100011110000110111101011010111010011100101110001
1000010000110100111011010100110010111111100101110000001
0101111101010101101000001001000110001101000000111011111
0011011110111011001000111000100101001100111101001111100
0001101000011011101000011000100010101011010011110010001
1011101110011000101110000101100100010011010101111000101
1110111011001010010111100101000001010111011101100001111
0011111110100111110111011010001010100011000011110101101
0101110101001010010010100000101011100110010111011010000
1101000001100100111110101101001111000000100110000111101
1010000111111101000010010111011110010000111101011010110
1011000000011001110000111100010011111111111011110010001
1011001010110001000011000000000101110011110111011100001
0011011100010100010111100001100101000100001010011100001
1010100101111110111111001111110010010000111100110011011
1000111011001101011101011100110010010111011101110000110
1001101110100111110111001010100000010100110100001010111
1101001101110010000110011000011101001111000011011100101
1111100001010101111000011110101011101100001011100000011
1011111100001101100110010001010011110000010000100011001
0011100111000110101101100101100101111101011000110011101
1111011101010101011011100111110000101101001001000101001
0111000110011111100001001100101000101110101111011011111
0010101100101001000111100111000000000110100010110000110
0001000010010100110101111111000000000001000011000000111
1000000100101100101110100100111011011101111001111000010
0100011000001100101100001001000010010110110011001111101
0000100110000111101110011111110110100101001010101100100
1110000011101101100111100000100011001101011101011110000
0000101000000101110101110000001001100000000000111101001
0011100101001001111111101010111111001001000110101010001
1101011100011010010001100101100010011111110011001101010
0001001001010100010010111010000000001111110111110001010
1111110100101110011100110110100010101101010101000100110
1011100110001001011100101001111111001010000000100010010
1111100001000101101100000010100001110010110000100010000
0000101000110100101101000000101101001100111010000110111
1111010011011111010000100011100011000001001110011001111
1100100101101001000110100101011011000110010010110101111
1001110101101001111101011110000000111100000000111101000
0110010000110000000001000100110100001001111111101101001
1101111011001100001110011101000100011111101011011001000
0101111010001010111101110111010010101010010010001010111
1011001011101011000000101101011110000100100001101111100
1100111001100010110111110000000110101111000001000011100
0110110010111000100111011000011000011010000110101010111
1011000000010000010101000010011110011111111111010000100
1101110001010101110000010111011001110010101111000110111
1000100101000010110011110000100000110101011010110111000
0011111011110011000100010101110011110011100100000010111
1001011000110101000000010101000100001100111100110111110
1000001011011001110100011100010100001100011111001111110
0000010011000100111101110001001001110110010000010000101
1000001100010100010011111111011101101011011011111110001
1111100001110101100010101011101010110111010000000001011
1111010100010011001100100100011110011000011110010001011
0100110000100100011100100101101011000001111111111001011
1100001010111110011100011111100010100001110010011111110
1010010011111011111101110001101000000111000101010000110
0101101111011100110010110111011001010111010001010111100
1100011011011100010011001111001011010000101001000001001
1000000001110110001000000001000000011011000010010110110
1000000010101110101111111001101001001010100010110001100
0011010011110101001101011011111100001000110110011001100
1010111010011010110100111100100010001110111100111101101
1111010000011001110010110011010111011001000100000001100
1000011100001001101010110111010100001100100100010101110
1001111011000100100000001100111011100010110010000100100
0101010111011101001011111010110001110101001111101000011
1101110101011111110011111011011101111101000111000011000
1000011011110011001110000010010100001101010011111011011
1101011110101100100010111000011101001000010101001000011
0110000111010011011110111010011001101100000101000110011
1111101000111010010111110100111000000101110011010011000
0100001100100001111100000011011010010000011011001101001
0000101111001010001000001001000011001010110111110000000
0011011100101101110011101101110111000011001001111110100
0110000011011000110111000010111100100101011011000011001
0001110010000101010010010110111110001001001001001000001
1101010000000111110011010010100010100100001010111111010
1101001010110110101111001110100000000110101111001110111
0000010011011001111100111001100101100011110011010100111
0101100001011000110111101000111101111100001101110101101
0010000111001101100001111101000000100101000100011001111
1010010110001100100101100001110001000110110000100111001
0010000000110000100000101010101100100011000000110111001
1111010110100111111110000001001110011010000011000111100
0001000100111100100110110110010010010000110000011100100
1111101011000000110011000100000011111110010010111110010
0111111111100011001110001110010001111110000001101110111
0100111110111001001000001100011001111010001001101101100
1101110001110101100100101011111011100100110100001111100
0011000011000100000001000101001110011110010011111111000
0100001110101001110101000011011111110001010100111100010
0111111000110010000000111001011001110000111110100101110
1100110111011111000100100001010100110101000111010010000
1000010111101000101000110100000110111010100000011101010
0011011100101110010011010011001000110100110001000100011
0101100101111001110101000110101111001011101001010010111
1001100011010000011010010001010110100101100100101011010
1000010100000001101001011000110010011011011011101011110
0100000010011000011010111101111110010001100010110001110
0111001111111010111101001100011000000100011110101000000
1100111001001101100010100000000100111011110100010110110
1101101001001010010111111001011101110000000100101010111
0100111101011011010100101101011001000010110011101111101
0110101010010001111100101000000001010111100000101011000
0100100100000111111101000011001011100110110110001111011
0110111001101011010100001111000011000000110000101111111
1100100110010001111111010011100010000101101101010000101
0001010000111010111010101101000011010010001100011100010
1000010101111100111110111010000101100010101111110000011
0100000101101101000100010110101111111011100110010110111
1000001101110100000110010101010101101111001011000011010
1000000001101010001111111010001111111011111011101010100
0011110001001010100001100110110101011011011111111111001
0101001001010101101010101111110011111011100110100000010
1000011000101110110000101101101101101001011111100101001
1100101001110011011000100101101001011111000000011111101
1111000001010001000110101010111010110100001001010001011
1101010000001101001010000001010100000000100000101000110
1101011110010010101101100100010010111000001011101001111
0010111101011011101110011010001010001111110010100001000
1101100111110100010010110011000010100010101110111010010
1110110100101111000110110100110000101110000110010011100
1111000110011101110000000111010101001010011010101111111
1001011110001010111101000010111110001111111000011001100
0010001101101010111111001000100110110100010110101010010
1101100010000101111101000100110010101100101011111001000
0101011000001111110110001000000100000110111000011000000
1100110011011001110000010000101011010111001101011111110
1000111100011110111011000101111010001101001110101100000
0001100110001101100010011111111110000001101011111110111
0001101011001100000011001101111101111001101011011000001
1110001001100101000001010111110011011010100110110110100
1110010001011011111111001100000011010110010101010101000
0000000011100010000001000001011011011000010011010110000
0010001111100001011001001111010011001010100101000001111
0001001110111101010011001000111100100011111001010010110
0001100100000000111010001011111111001111110000011110111
0101010000011101101101110010101000101000011101011101011
0101100100010010001010000011000100011001100110110011000
0010010111100001110000110110110011010010100101110110101
1101111100101111111000110010110110000010000111001011000
1111011100000010011000011000101010101111111110101000101
0111010010110001101011011011100011110111100111101010110
0111111100011100011000101111001101010001000111010110100
0101001100110111010101101011101111110000000011011011101
0111010000100100100100111100010001100000010001011111101
0010000101011010010011111000101101111000101110111101110
0100000111000000001110011110000010111100000010110000001
0100001011100000000110001001100100100001001001111101001
1000100000000011010111000101101011001010010011100110010
1010011000110100010000000110001110111110101101100000001
0001010100011101110011011010001001100110111110001100001
0000001100001011111001100000011011000110011110011111001
0000111101001111110001110010111101010101001101110100010
1111000000010101001100000000010101010110110100100001001
0010101000110001111001101100111110000111100001110010111
0011000101101010011010100101010011110010100010111011001
0111101101111101011001111100101011101111001111010100111
0110011000000101100000010111010000001010010000011011010
1000110110010000010111100111001111100111011011001010101
1100110001100111110100101111110011100110000011000011001
1011101110000110010010010111111110000100000001100101111
0001110010011011001000100100011011010011101000100000000
0110101000011000101100000011011100111111110000111011010
1010001100111010100000101111001100110000011110111111001
1100111011101011001001110100101010111010011110110010111
0010111111000111100010110101110110101000000010100110101
0011111001111111110010110100011011100100011100100101110
1010101110110011000001101000100001011010001100000001111
0100001100100110010110111100111111011100100111010001010
1101001110100010010101101100000111111000000001000001111
0110111000111101001001111110101111000111100000100001110
1111011110110001110110011110010101100011011011010001010
1001011010111100111111101101011111100001110001010001101
0101111110011010101100010010111111101010011100010110111
1101001110011011100000000110001010110001110011000010110
1110111101111100011100110101011001000111100000101010001
1010001010011000110111010010111010001100011111100111001
1001111111110110101011111011110010111000001011101001110
1110000000011010011100000001011111111101100000011000000
0011001110011111011111101101001010011110111010111101001
1100100010011100011000001100100100110110011101100111111
0011101001011111100111010101010111011111011110100111101
1110010101111010001111000011110010011001111010110000010
0111010000011010101011100100110101100100101000000001111
1001011101001110011000100100011011111111011110110100110
1001011000001110100010010110000100101010010001011011110
1010010011110100110111001000110101100101010101100010110
0000100001101110101010010000101001011101010001001100101
0000001001010110010011010001100110010110010111110110011
0111100010001011001111001111111000110101001100011000111
0000011001110111101001010001110010010110011001011111011
1010100110110000110111100011110011001001010100110101000
0010100110101100010111001010010110110100100110111001111
0100111011101101001101111100011000011100010001111101011
1011001001110011111110000111000111111001111110001011001
0100110100011011100000100101100011010000001001111111100
1100101110100100001000110011111111101011001010010011000
0010011101000111111001001010101100101111001010001100010
1110011001101000000110110000010101111011001111111100010
0100110111000111101010100110100100111101011101011110000
0110001101011100011110101111110111111011011111110001111
0000110001001010001110000101000000000000000111110111110
0001000110110011001111001110110111001010101101001010100
0100011100001010101100111101000000101001000101101110101
1010000100001001001110110000101000110100001101000111000
0000001011100100101001101010000000000111101111101111001
1011111111001111010110111001000111000110010111010111101
0011000111110000000111001111010011011000111110110111011
0011001000010000010110100011100101000110111101001010000
0101001111111001100100101111101111010101010111001111101
0101000110100101111100111000111100010100100111000111010
1100111001110010110001010101111111101001010011001001000
0011100011110001011011010001000001101101100100100001100
1001111110111000101101001000001101010110101101101011011
1110111100111101000110111101110100101011001111000111100
0001110010111101010101001100000000001001000111010010011
1010010001000001000001011101110011011101001011010010101
0101010011100001010000010010111101101100010111010100101
1101010010111001011110000100010100000001011111000011010
1001011110100001000011010011101010111111101101011111010
0010101111001110001100010101101001011100100000000100100
1100000001010010100100100001101111100100010011001111100
0001110001001110000011111000100101010000001110110101110
0100001000010110111011001100010000110010010001011000100
1111000010101111101111000000100001000001001110110001100
1001010011011010111011100001111110011000001110000101101
1010100000111111100110110011110010110110100001111100111
0011100000110001111110000110000001001001010011100011111
1001011110110111100111111100011110101010100111000011101
0010010000101111011101001000001001110110101010100110011
1011011000110000101110110010001100000110101111001100110
1110111000000010101110111011001110100100110110100011000
1100100000000110001111011010010100111101001010110001101
0000010101010011010001111111010010011101011010110110010
0011111101000100111101011110000001110011111101111001001
1101101101001010101101010111110000000111001000000010111
1000111011010111010010010000101001100001101110011010000
0000001010110110111001100110010001101000101110101010100
1110110011111111011011111001101100111110101001100001001
1010101001111111011010100000001100100000100011010110100
1001010111011000000011001111011000101000100010010011101
1100010010101101001111101000101011111110110000111100011
0110110101000111001010001101110111000011101010101000000
1101111001001000001010111101001101010011101001101001010
1100111010101110011001100011000010001010000110111111010
0110110110010000001011100000010101110111111111010111010
0100010111000111000010010101111111010001000011110011010
0011101110101100100110110101100101001111001110110000011
0011111000100011010100111101110101011001011010101011001
1110000100001000011101000001100001100100100000001110000
0000110010110010011011101011111100111010001011010110100
0111010110101101101110100100000010111110000110101010001
0111111111000010011101000011000111010101110111011101010
1110010111101001111100111001011100100111001011101011001
0011100000010101010000101100101110000001100100101101110
0001100111111000100001100100010110010000111111100010101
1111011101110110111001111101000000101111001010001000101
0111010010111000101100001011110101001000000100011111111
1100011100101010010010011100110000000110000101110110011
1010100100000110111100011001010111111101001000111001010
1100110011000101110010100111100110100001101001110011000
0110110000100101110110000000100101110110000000011000001
1111011110100010000100110110011100000101110111101111100
1110111010000101011101000110110010001010010010111110010
0100011001110100111101001111101011011101010000110000100
0011101110011111001000110110111110110000001000100000001
0101010010101101110110010110111011110111101010111100111
1001100111000101101101110010001101101110101111001101010
0100101111010101000101000100010010101010111011110110010
0010001111000010011001111001011000101010110000001001110
0111100101010000001001000001111100011101010011011111001
0011001101010110100101110111110011111011010000010100010
1010001010110001010010100001011100000101110110111100110
1100101101101001111110001100010101001111101001110101100
0100101100101010111010110010100010010101111011010110101
0100000000111010001010101011000010011001010111111100111
0101101110111110000111110010101010110100101010010011100
1011111111101001100100110100000100001110000001111001011
1011001101001101000011100110001110010111111001100101001
1101110000011000111101001010011100001001110011000110011
1101011111010001111100101111100100001111010000111111101
0100110011010001000100010101111101110011100101101111100
1111000001100111010011100011111110010011111100110111001
0011100011011000011100010101101100010100001111011101110
1001000100010110101011000001111101001011010000110001101
1010011110111100101101001100001010011000011000010100010
1001010001110111100100010111001100111111000111011001100
1010000100011010010111100001111010110101110011011010100
1000111001110001111101110100010110110010100100011001110
1011001111001010110110101100010111011101101001000010000
1011000001011000101110011001101000011011110010001000001
1010110000011000111011010010111000110110111111110011011
0001100101011111100001111001010010100000100001111111000
1000000111001000100101010100110111101010110000011011111
0110000101100111001000101110101111101111101110011001011
1001111000101101000101010011001111000111101111010010111
1111110001010001100000010100011000110110001001110000001
0100011000110010010111001001011001000000010011000011011
1001010111101100100111011000001001100110010100100110011
1001001000101001011011110110101101011111010110001100010
0010010101111100110010011110100011010000011100111010011
0000010001011110101011101101011001000000101010001000100
0100101100101101001101100110111101101011111001110000010
0111000111111100010001011011000111010011100010100100001
0101101001011000000000100000111101010000101010010010010
1111001100010010100110100111101000000100100001011000010
1000101000010111011010100100011111101000001110001100110
1100111000101111010110111011111101110010001110111100011
1111100000110101100010111110111000110010001011101111100
1111000111001000001101000011101011101010111001001011100
1011110011111101010111101110010010111110101001101010110
0001111111001111011010001010100010100011011100011111011
1101110100000011000100010111100100011001101100110101000
0011101001111110010010101010010010110010001100101100011
1001011111001111100000101110101001110001001111101101001
1101010011100101111100011110111100001100011011000111110
0110011111000101100011010111001010001111111101001000000
0111110110110001100101101001001010100111100110000011011
1100100100000101001010000111101011001011110100110010010
1010101110000011111111000010110011011001001010001111111
1011101110100111010000010001100001111001011010110110001
0001101101010011001111001000001001111001100001100011000
1001001000110111110111011111111011011111100111100111000
0111000011000111111010110011111101001001111101010101111
1000111010010011100011000101000100111010111111001000001
0111110010100110000111110011010001111110001000001000110
0111111110111000011011110111111100001111100110111000110
0011100010010101111001111111001011101110011010101001110
0000001110000010000010111110000100111000100101100101111
0000111011100101011111101000001000111010101001100000110
0101100010101100001000111011101011110111001111110000111
0101100101011100100111001100001010100110011011001010001
1111111111011110101111000011010001111000101110111000100
0101111100111101101001110111101111001101110100011111100
1010110001010111000100001110000000011010011000000000000
0100001001010100111111111110010010010110011101110111001
0000000011001010001111101011000000000101001100111100010
1100000001101001000111100000000110010000110110011000110
1101100100111111100010001011001100110100110011000001000
0011011011111010110001001001001000011111000101110110110
0101000010000111111110001001110110111110000011110001001
1011111101010100100101011010110001110000001000110110111
0001101100111101101001101010101000110010001111110010100
0010000000100110111101011001100111011010000011000110010
1101011000010000000011011111001100001101000000000001100
0011001101000111111101101110010010010110010001101011111
0000100110110000011010111110000000010110101011010101011
1100100000001111110101101100111001001000100001110101011
1011101010010110010011101000001100001100001010011011101
0001000101000100111101100111001101011001100100111010100
0011010101110010100100010100010011011011000001001011111
1011101110111000000010111101010101010101000100001000011
0111101100110100100001000100101110000111010000010110000
0110011001001000011011100010011000011111011111010101011
0111100110101010001101111011100111000011001100100100010
1010101010100111000100111011001101011100110000100000011
1101110011010111101101011010101010101000111000110001010
1111011101000000010000111100110101010100000010110110101
0110100011001001001110000110011111101000100100011000001
0100101010010010111001110111110100110001100101111001010
0011101000110110010110111110100001111111100110101011000
1011111110101010110000000001001100001110100001010000101
1010011101100010100101101101000101101011101100110101011
1011111011010001000100111010101000111100001001101101110
0110011111010110111110001100110101010100101100011110010
1100010100110110011111110101111000001101110101001100111
1010110010001101011001000100000001000000000000101001100
1000000011110110010010101101111011010001010001000000010
1100011001101100110111101101101110111110000100111110000
1011110000010100110010101011000101010100101111100101110
0110110011111011110101000001111001010010101000101111011
0110101100111101010010111000001110100010101011110110101
0000101011101111000011110000111111101001111010110100111
1011100100001110001110010010101001101111110101111101100
1010111100000011101010000101001110101101101100101000100
1100101111000100101010111011101011011101001001011010011
1110011000011110101100010000010101100000000111001101000
0010000111011000000101101100101100100011111111111111000
1100011111101111010101000110010110111011101110011010110
1111101010011000001110101111011100111010011001001010001
1101110011100000010011111101100011100010100100110111101
0111000111001011110000010100011000010000100011000010011
1001110110101101011100100111100010101111011100011101111
1010111001101100111011000101011110011110000110101101001
1100111111101011011010111000100000011000110011101100111
0011101101110101111111110010101101011101000110000101010
0110010101010101001110100001111100001011111111011100110
1100011011011010101010001100110011110010011110101100101
1011111100011111100001100010011111000100001110001001101
1000001110100100100000001010010110100110110000010010111
0101111101000100110110100011100110011101100100111100110
1110010000011011101001110010100001100100010111001101010
0110000001101110100011111010101110010010011100110111100
0110011100110001010110100001101110011111100000100101110
1100101001010001111111001101011101111001101101000110100
0101010111111110111001101011111011110000111010101001111
1010100111100110001111010000011110111100111100110000101
1011011101110001110000110110010011100011000010100110101
0000010000000001000110000010111111000001001111010001111
1100001011011000100011011111000111101100000100010010101
1100110001000101101011001001000111100100101111000111011
0011010101001111010010010001000000001010110001111010011
0101001001001011101101110100101111011101101010100001110
1011111000000101001011100001111110001100000010100000000
0001110001100000000010011001001001110000110110000001101
0111110011101101011011011010101110001000101011101000101
0001000111000001000001000000001000100000100100001011011
0111110010101101001001010101110101000100110010110010001
0110000110010110000110010101100110110011010001100111000
0111010110100110100100010001000011010011000011000110101
1000000001010001001111111011111011111111101101010001111
0001110001111000101011101100011011110010101000100001111
0011010000010001100010111110110111000101100101001100111
0011101110111000100111111011001000100011101011001010011
1100101011111001100111100111100001111010011111000011101
0111111110010100110001101111110111001110001010001000010
1100011100101000001011111111111101101011100000010011100
0011101000001011111001011000010011000110111110010110011
1011001010000111100010000110111011111011001110000001000
1111001010101100001111101101111000011110111001101010000
1110101100111011100001110101111100110111100011101000111
0111000111101010101110010000011000111100010010000111000
0000001001110100111111011110110111101001001011100001101
0100110001000010011100000000101101110110111100101011011
1101000101011011100000011000100010100111000101010110111
1001101111010111111011001111111011101110010001110111011
1100011000101010100101111000001111111111100111100110000
1001000111100010100011111000010110001010001000000001000
1011101010111111110001001101101010000100111010000000110
1000111100100100000110110100110011000110110000000011101
1010100111111001011010000110001100110001110110010011001
0110111011001000110001101110110101010101101001110100010
1000110001011010111110010010001001010010100001011100111
1101100101110110010010001101011101100110110101110011001
1110011111011011101000110111110000101000100001011111011
0000010010101000100011000101110010011001111011011010111
1011001010011010101000010100011010110010011000010010001
0111100101011111100100001011011100001011100111000100100
0000011101100011110001111010110010010110000101001001010
1111100110110000000110011010011000111100011011100111110
0011000010001110101001101010010011110101001110111111001
1001011100000001001111100011010101000111101001101010001
0000000101100001000001100010001000010100000000100100000
0001000000110000001101010010011111011001111111011101010
0101110011000101010101100000110100000001111100101110110
1101000000000111001001100010100101001001110101101001111
1000110011110100010011110101010110111010100000001000111
1010010000110110110110101101001100111110101100010001111
0000001101011101010011001000110010010100000110011110010
1001111101111010110000100010011111001001111100110110100
1000011100001001100000110001011111100010111011111111010
0111101110011111000000011101111010100010101010111011010
1100000010011011110101110101101011111100100001100010101
1110011100000100000101001001100000001110010000010100001
0111010110101111111111101000111100001011011000111101011
0000111011010111100101110011001001010111000111001101010
0110101000000011011101010110100110100000010010111110011
0000101011011001110100111001010010100011111011100100111
1100111111010001110111111011001111100001001011101000111
1110111010011010001011010010101000110001100000010011110
1101100101001100000000010011100000110001111001001001101
1101001101011000111110111011110000110001100110101100111
1100000100010111000110110010110000010001000110000011100
1001011010100101010100100001101011110110100101100110101
1010111101111011110011111001110011011001111010001011100
0111000111100110001101100111000011111100101110100010101
0101101110011010111011011000001011100111110110101010111
0110111101101010111001110101010100101110000100101001100
0101011101001111101001000010010001100010000110010110111
1001010011101110110010000011110010011010100010011110100
0001111101110100001111100001001001110000101111101011101
0111110110000011110000101010100111001110111110001101110
0111111000101010101011110011111101010101011111101001110
1101010011010011000111111110110000111011110111011110001
1101010100010001011110001111110110010000111111010111110
0011111001111101010101100011101101010100111001010001001
0001001100010110001111101100101111111001001000001110000
0000110101011010001000001101001001000010011111111111111
0011000001100110100011000111000010110100011000101100001
0101111101011110001011110011000010111101011000001110001
1100100000110011100111110000011101110110011010101010101
1001110011001101110101110100011111000011110100001111000
0110101011001011001101100001000001011000100011111000110
1001011110101101010101011111001000111000010111010000011
1000001011100100111000100100111011001000100010010110100
1011100001001001000000010001111110001101011111110110101
0011100011100001010011101001100100010100010010110111001
0011010110010110100111001100101111110100101110000011111
0010000111001101010000010001001000100101001100101101000
0110111111000101101101010111100011000111001011010100001
0111111100100010011111101001001010101111101000010101011
1111110100011100111111101000111000111100111001010100110
0011100111100010001001101001100001111100011100100100010
1011111110001000001101101001000101010111111111101011101
0001001000010001100010111111010000000100010010000010001
0001001100100011001111110100011010110000010101001110000
0000010000100100000100101000000100100100110111111001011
1111101000010110111000011010001111101011010000111001000
1011010101000110100010101100100001100100101110111010000
0110011000101001110101010000100111111011101010101011101
1011101011010001110100101101000101001101000010101001010
0001001100100011111101111110100100000111001000110010101
0101001000000011011001111100001110000101101001100000010
1001111001001100110111001100100000011110010111000011111
0000100001000110111000000011101011001101001011100010010
0011110101010110101110000010000001001011010000010011011
1001010111110110100010000010111010111100110111101000011
1101010000001100000011110101010100010010110011011010111
0011001111101010110101010010000001110001101100111101101
1100100101011000101000111111000110100110110010100010001
0101101111011001111101011101100101011101010111100011000
1101001000000001011000101100100110010111001001101001110
0100000110100101100100001010100110100111110000110000000
1011000110111010000000110110111010010010001100000000101
1100111111100110011100100011110001010111100101101011011
1100010001110001111011110001010101100010100100101000101
1000011000100111111001101001101101110010001100010110010
1101010111101110001101111001011000111100011110110000011
1101110100011110111101010110100010101001000000011101010
0011111101100100110110101010100101010100011101100111010
1110010010000001000101000001011100111010010011101111100
1000010110100110111100101000100000101111101111000100111
0110111111011100111000010111000011100001100000011010001
1100000011101100100100010010011101101110000100111101001
0000111010001111010110101011010000011110110011011000011
0001011111100100011100111100111111000110000010100010000
0100011010010000001101001010010000001100111011010100100
0010100100000110100111101111011000110100001000010001011
1001000101011110101101011010001010110100001000010110011
1101010000110000101100100011000111010010101111000110100
0011011110100100000011011100100100001110001001101101000
0010110000000100101000110011001000010110110100001101010
0101100001011101111010011010001011111111010110001000010
1111100111000111011101000001011100010100000100001011111
0111110010111011001101000011110100001000111011101011011
0100110000101100001010111010001000011111101100100011101
0001000100110011011111001010111001100110010011110000100
0111000000110100110111000110010101011010011001111100100
1111011110101101010010101101001101000111100010011000010
1000000101101010110010001001101001110100001100100001001
0001101000110001000100000001101111001101011011111101010
0100011100001110101000111101111101110000001100010110010
1000111011001010111011011000010110001110011010001111010
1101101111100011100110101010000101111000010001111101111
1101100001100000001000010111100010100101001001101001000
0011111101000011010111011010001100010000101100011000001
1001000101011011100100111011010111001110011111011101111
1100101010111011001100111010001100110001011010110000011
1000011111001101110100110111010111110101001010111100111
1110101010000101100100010110011000010111111101000110101
1101011011000001111100100010011110111011111111111001011
1001001111000011001100011010101000100001101010110000111
0101010010000001000010101011101111000100100010110010000
1011110111110010000010100110011100010001000001001000000
0111110110100011011011000001001001110101001000001101001
1010001000010101101001001100001100100000100100110010110
0100101000100101011011101101011101111111101101000101010
1000111000111010111111101101101101110110110111110100010
1000001110001101111000111011011011010001011101110011110
0101010001001000110001110011101111010011101101111101110
1110011111101100101001100101011111110011100100110110000
0101100011100011101001011100100101011000010010110110011
0010110011010110101101011101000001000000011000110000101
0001001000000010001101010010110110010110111100000110111
1101011111101000111111101011110000011100101001000110000
1010000010000000101110011101001100001010110110101100101
0111110111100110000100101001100001110000110111111111100
1000111110101111001110011101001101010111100011111001000
0101100101110001101010100001001011111101110111001001001
0001000101010011100011010001101101101111100101111110010
0000101000101101001101010101111011001111101011111111010
0101000011000111011110000111110000100010110011110001110
1010000001111101111100001100010100100001110010001110010
1001000100100101011001001011011111001011001111011001100
0011000100001011100010011010010000000000000000110111100
0011011111110110011001111010011010101110000011111011100
0110101100101010010101000011100111100110100001010000000
0000100011111001111010000101101101111110111010011110011
0011101100000010100100111101110100110000010010100110111
0011110010100110001011111000111111100111101100100001100
1011000101001110000100101100101010110100111000110100110
0111010000110001110010101011100011110111100110001001111
0101111100001110000111010001111111100011111000000011111
and 352 13
xor 291 564
right 233 63
and 154 209
or 364 252
or 25 473
and 243 281
right 525 27
xor 184 475
left 245 38
and 215 230
or 459 234
and 55 179
right 303 13
left 322 25
and 427 435
or 116 390
left 455 52
left 428 12
right 441 33
or 51 377
or 602 228
and 214 283
or 209 587
left 125 13
and 6 440
right 361 44
and 389 435
and 508 256
xor 495 89
or 360 461
right 167 7
right 209 29
left 141 46
xor 119 428
right 218 50
right 144 27
or 460 288
xor 189 189
or 409 76
and 183 436
and 334 603
xor 425 524
left 192 26
or 577 209
right 48 43
right 599 59
and 202 455
right 561 36
or 568 158
left 377 21
and 38 388
or 475 205
right 78 13
or 271 79
left 316 63
or 187 438
and 566 352
and 18 306
left 266 42
or 303 67
xor 167 106
or 59 293
and 476 371
and 374 354
xor 194 62
and 152 250
or 394 208
or 195 546
right 32 45
right 348 28
xor 429 387
xor 578 447
xor 356 27
right 244 49
left 243 19
left 369 12
and 357 246
left 90 25
right 160 57
xor 497 565
and 6 386
and 548 68
and 168 425
and 480 381
and 250 17
xor 82 98
right 197 40
and 520 578
or 493 130
or 64 340
and 174 58
right 64 30
and 113 487
xor 189 71
left 59 1
left 556 51
left 297 24
left 604 0
and 168 430
or 525 494
xor 232 380
right 38 29
or 520 558
and 211 460
right 315 7
or 149 179
or 81 188
xor 501 504
right 283 0
left 515 45
left 480 54
left 214 60
and 555 484
xor 487 407
or 170 434
xor 206 583
right 38 56
and 182 269
right 582 8
and 197 172
and 305 364
and 506 578
right 256 46
left 565 21
xor 117 288
or 509 494
or 471 532
xor 46 426
xor 412 113
or 555 310
left 71 39
or 441 546
right 487 34
xor 409 151
or 450 269
and 29 170
right 192 33
and 124 399
xor 325 524
or 502 471
left 244 30
left 349 23
left 137 62
or 451 87
right 275 25
left 386 54
xor 416 471
or 371 595
right 464 24
xor 382 238
and 290 194
and 557 256
or 443 393
or 235 557
or 178 224
or 103 322
and 517 131
right 69 54
and 341 70
or 528 452
right 291 38
right 595 19
right 411 46
or 512 505
xor 93 396
left 530 51
or 30 120
left 321 30
xor 599 243
left 5 3
left 258 6
xor 417 474
and 512 277
left 392 53
left 542 50
or 307 229
right 107 35
right 38 37
right 183 60
left 110 2
right 201 4
left 458 5
right 511 5
left 226 13
right 446 43
and 167 63
right 386 42
left 118 17
left 72 40
or 269 247
left 54 0
xor 5 11
right 430 10
xor 236 172
right 223 10
left 517 49
right 144 20
or 31 106
right 242 51
and 450 480
or 52 534
or 266 251
left 581 41
or 293 309
left 115 53
and 300 474
or 260 11
and 422 362
and 186 316
left 406 31
xor 265 211
right 284 62
left 315 35
left 291 9
and 152 284
left 343 40
left 423 12
or 492 82
and 379 588
and 477 386
and 127 43
or 344 328
left 493 35
or 139 358
right 414 30
right 327 21
xor 426 381
and 248 585
and 432 68
right 36 33
right 88 0
left 383 25
xor 260 326
xor 300 465
xor 510 591
left 107 22
and 1 448
xor 162 88
or 118 232
xor 55 269
right 378 5
or 456 452
right 575 8
xor 440 404
left 56 18
and 215 446
and 11 159
xor 508 33
right 406 56
left 52 47
or 275 297
right 274 49
right 107 16
xor 265 265
right 281 1
or 600 248
and 333 579
right 515 31
xor 498 277
right 105 9
right 589 60
right 534 15
and 35 122
and 536 387
left 257 28
xor 317 84
or 215 418
or 592 325
left 75 55
right 29 32
and 511 13
xor 361 259
xor 69 294
right 530 30
xor 39 512
xor 190 221
or 14 149
right 97 37
xor 83 528
and 347 270
and 77 173
right 443 22
xor 536 316
xor 143 238
and 169 277
xor 576 180
or 460 194
or 473 3
left 204 22
or 183 146
xor 194 543
left 218 26
left 214 50
or 505 161
and 122 42
right 571 11
right 25 55
and 557 48
and 6 573
right 15 52
right 583 22
or 139 592
or 230 199
and 29 416
or 98 250
and 445 213
and 75 558
xor 508 507
and 367 225
xor 313 241
left 437 56
and 176 67
or 325 298
left 172 7
left 500 42
right 263 7
and 36 82
and 25 590
xor 62 62
xor 384 87
and 566 525
or 514 413
xor 158 131
xor 2 303
xor 261 516
or 483 171
and 309 527
xor 406 552
or 115 6
or 369 390
