460 265
0100
1110
1000
0011
1110
1100
0010
0110
0100
0101
0000
0101
0110
0000
0010
1010
1100
1011
0110
1111
0011
0011
0011
0010
0101
1101
1110
1011
1101
1001
0001
0010
1111
0101
1010
0111
0011
0100
1010
0000
1010
1110
1100
0010
0010
0101
1010
0000
0101
0100
0000
0100
0100
0110
1101
1011
1101
1011
1101
1001
0010
1000
1000
0111
1010
0011
0111
0100
1101
1111
1110
1110
1001
1111
1001
1010
1110
0110
0101
0111
0101
1100
1010
0011
1010
1100
0010
1111
0101
1010
0010
0010
0100
0000
0101
0111
0101
0000
0111
1011
1111
1111
1101
0101
1101
1011
1000
1100
0101
1100
1111
0001
1100
1011
0011
1100
1010
1000
1101
1010
1101
1000
0111
1110
1101
1010
1111
0011
0001
0010
0111
0110
0111
1010
0010
1111
1001
0010
1011
1011
1000
1111
0011
1000
0011
0011
1110
1001
1010
0010
1010
0111
1000
1110
0000
1010
1001
1110
1001
1100
0001
0010
0101
0111
0101
0111
1110
1101
0100
1101
0110
0010
0110
0001
0111
0000
1000
1111
0000
1111
1011
1111
0001
0011
0011
1101
1010
0011
1100
0111
0100
1101
1100
0010
1101
1000
1001
0100
0001
0001
0000
1100
0110
1100
1111
0011
0000
0100
1010
1100
0101
0010
1110
1111
1101
0000
0101
0111
0101
0011
1010
1010
0100
1001
1111
0000
0110
1010
1100
1111
1100
1000
1111
1001
1110
0101
0011
1010
1110
1101
0001
0011
0010
1111
1010
1010
1010
1111
1001
0100
0101
0111
0001
0111
1010
0111
1111
1101
1001
0110
1111
0001
1011
1000
1110
1110
0010
1001
1101
1100
1110
1001
1110
1101
1010
0110
0011
1000
1101
1001
1110
0011
0000
1101
1010
0101
0000
0010
0000
0000
0010
1111
1011
1010
0101
0110
1100
1000
0100
1110
0001
0111
0100
0100
0100
1000
0001
1111
1110
0011
0110
0000
1000
1001
0000
1111
1011
1001
1011
0011
0011
0001
0010
0011
1000
0111
1001
0101
1100
1110
1001
0101
1111
0001
1001
1001
1111
0011
0110
0101
0100
0011
0101
1101
0100
1111
0000
0010
1111
1001
0101
0100
0000
1111
0110
1001
1100
0110
0010
1001
0010
1111
0110
1011
1111
0110
1100
1011
0110
0110
0101
1100
1001
1100
0001
1111
0010
1111
0111
1110
1110
1101
0011
0000
0010
1011
1000
0101
1000
1011
1001
0111
1010
0010
1101
0101
1010
1100
1010
1010
1001
0111
0001
1100
1000
1000
1100
0111
1100
1011
0001
1110
1110
0101
1111
0000
0001
0100
1110
0011
0010
1110
0011
1111
0100
0010
1001
1101
1111
1011
0101
0100
0011
1010
0101
1000
0111
1100
0110
0011
0001
0100
0001
0000
0111
0010
1111
1001
0010
1100
1011
1101
1101
1000
1100
1011
1010
1100
0001
1000
and 390 176
right 54 48
or 357 113
or 139 334
right 403 25
left 411 62
and 155 281
left 83 15
xor 363 356
or 285 382
or 1 313
left 234 51
right 315 45
or 279 208
and 387 151
xor 16 235
left 73 46
xor 19 145
left 201 9
and 285 6
and 451 7
and 5 373
left 275 45
right 198 60
xor 323 239
and 237 387
and 73 0
and 190 152
or 259 353
xor 357 178
right 49 49
right 54 26
or 98 253
left 212 15
left 206 38
and 351 355
xor 272 428
and 254 159
xor 382 90
xor 99 119
or 415 168
left 410 50
right 186 33
or 456 205
right 117 27
or 18 302
xor 437 246
and 397 41
or 49 95
xor 187 327
or 175 282
and 4 232
xor 404 90
and 6 218
and 191 8
right 362 46
right 101 15
left 137 33
xor 3 254
and 92 441
xor 169 288
left 86 57
right 225 29
and 226 47
or 103 238
left 392 57
xor 327 374
xor 48 183
xor 403 187
xor 393 279
and 250 120
left 61 6
left 104 56
right 41 62
or 197 433
or 33 37
left 355 8
or 25 413
left 227 60
right 356 5
and 7 79
and 406 272
left 442 40
or 387 89
right 248 51
or 152 452
left 328 56
and 419 45
right 366 20
or 171 301
and 256 440
or 134 58
right 218 32
or 406 427
right 4 0
xor 167 40
left 368 36
left 14 44
or 72 366
or 159 77
xor 206 6
left 5 16
xor 75 30
xor 194 108
or 402 244
left 241 55
left 400 16
and 252 334
and 148 78
or 449 369
and 263 248
right 189 25
and 41 328
xor 65 62
and 57 136
left 68 25
right 120 62
and 80 374
or 40 194
left 38 36
or 113 119
left 459 45
left 24 18
left 212 40
xor 179 277
and 391 345
and 94 5
and 381 85
or 82 257
and 453 295
or 274 81
right 15 52
left 9 20
or 4 448
or 193 300
right 58 43
or 433 457
or 10 378
left 93 60
or 239 125
xor 240 400
and 165 415
and 399 97
or 328 101
xor 16 294
xor 310 24
and 293 130
xor 281 272
xor 355 366
left 359 29
or 198 57
right 118 15
or 250 294
right 158 30
left 55 15
and 384 293
left 156 2
left 385 63
xor 204 107
and 23 6
and 232 336
left 380 14
or 156 376
or 29 206
xor 135 394
right 75 22
right 40 39
left 266 40
or 305 277
right 250 60
or 12 204
xor 424 257
right 270 1
or 83 115
xor 191 250
right 281 50
left 205 42
or 386 436
and 187 414
left 95 4
xor 141 217
right 195 57
and 375 451
or 11 207
right 446 62
and 354 219
right 253 28
right 431 27
xor 222 342
or 421 110
xor 265 383
left 446 3
xor 423 34
or 354 178
right 72 16
or 173 322
xor 403 116
or 344 219
or 261 441
right 264 35
and 11 12
left 108 34
and 385 422
left 458 24
left 146 17
and 364 366
right 342 17
or 220 193
and 121 126
left 364 42
or 390 74
right 11 22
xor 211 371
left 117 38
xor 202 56
and 254 93
or 169 107
right 332 35
right 255 52
xor 159 352
left 270 62
and 393 97
left 187 56
or 271 426
or 16 300
left 281 18
xor 125 396
left 410 20
or 428 195
or 377 354
or 257 296
xor 342 362
and 414 89
right 397 17
or 158 181
right 239 38
and 414 259
right 235 61
right 384 26
left 60 51
and 221 156
left 9 55
right 354 17
left 219 26
left 51 56
and 314 263
right 16 25
left 114 41
or 285 49
or 59 109
and 451 3
left 352 4
and 155 38
xor 312 257
or 41 440
right 412 51
right 457 23
right 301 54
right 27 35
left 195 34
and 263 237
right 27 26
xor 422 417
xor 286 401
xor 212 443
