711 671
100
110
111
100
110
010
011
111
011
011
101
111
100
100
111
110
111
001
010
110
000
110
010
000
011
000
011
000
101
110
111
000
011
011
100
000
100
000
010
111
000
100
101
111
001
101
111
100
101
100
001
011
100
011
101
011
101
101
111
011
111
000
111
110
010
111
110
000
111
010
000
100
001
110
101
011
100
100
111
100
101
111
111
001
101
000
111
111
101
011
111
000
100
100
010
100
110
011
001
111
000
100
110
101
000
010
110
111
011
100
000
010
110
100
001
110
101
111
010
001
011
111
100
100
001
110
110
101
010
010
111
101
001
011
010
101
100
111
010
011
110
001
101
100
000
000
010
011
110
100
011
111
011
101
101
111
011
010
011
001
010
100
001
111
001
000
101
001
000
010
111
011
011
110
011
111
011
111
000
001
110
011
011
100
001
101
000
111
001
001
111
000
100
010
011
001
101
110
000
001
100
000
110
100
101
000
110
000
110
110
000
110
100
010
000
111
100
011
000
011
001
110
100
101
100
001
111
110
010
010
100
111
101
000
110
110
000
001
001
110
100
111
010
110
101
001
001
001
010
101
111
001
100
111
111
111
010
100
101
111
000
100
000
010
111
100
001
011
101
010
011
011
111
101
110
000
010
011
100
111
111
010
001
101
011
001
000
000
000
011
100
010
010
000
110
010
000
001
001
100
000
101
110
111
000
011
011
010
100
011
011
101
010
111
010
011
110
111
111
110
000
110
110
101
100
101
000
011
100
110
100
111
000
001
111
100
000
001
111
000
000
010
110
110
001
011
011
011
111
011
011
111
100
110
000
100
101
001
010
111
010
001
111
110
110
000
010
100
001
010
110
110
000
101
010
010
110
110
010
101
010
010
010
010
110
111
001
000
001
011
111
110
101
000
001
011
011
111
111
011
000
100
110
010
100
000
101
111
000
010
110
100
110
111
001
010
000
010
100
101
110
000
001
011
011
100
101
000
010
010
001
000
110
011
111
111
101
000
101
110
011
111
100
110
101
010
111
011
000
001
000
111
110
101
111
111
100
011
010
010
100
111
000
001
110
100
000
001
101
100
110
100
110
110
010
100
100
101
111
010
001
100
111
100
011
001
011
101
011
110
100
110
101
010
011
011
100
110
010
101
101
010
000
000
001
101
001
010
011
011
001
100
010
010
011
001
101
000
000
111
011
000
001
110
111
011
001
101
001
010
101
000
000
111
111
010
111
011
110
111
101
101
110
101
100
000
001
100
101
110
000
011
100
100
110
111
111
111
101
110
111
010
111
101
110
011
100
011
111
100
110
011
100
011
110
111
000
001
010
100
000
001
110
011
100
111
111
101
001
111
111
110
111
111
001
111
000
010
100
010
001
101
110
101
001
110
001
100
110
001
000
110
011
001
101
011
101
011
000
100
000
000
001
111
001
010
100
001
100
110
001
001
011
100
011
110
000
000
010
000
000
110
011
010
011
110
110
110
111
011
000
011
000
001
001
100
111
110
100
001
101
101
011
111
011
101
111
000
110
111
001
000
101
010
101
011
010
110
101
110
000
000
011
110
100
000
101
110
101
000
000
000
101
010
000
101
111
001
011
111
010
000
111
010
111
101
011
011
101
010
010
right 165 16
xor 548 532
or 586 286
or 12 459
left 157 22
or 400 623
or 525 94
right 0 1
or 78 215
left 117 12
left 219 38
left 376 7
right 96 40
right 705 47
and 63 438
left 112 59
or 349 653
xor 577 653
or 364 153
right 294 27
or 274 622
xor 70 421
right 399 24
right 435 40
right 220 55
and 646 241
and 274 590
and 706 589
left 75 61
left 503 50
and 212 366
xor 344 436
xor 603 257
and 286 115
left 384 29
xor 208 404
right 160 25
xor 187 673
right 290 34
or 546 673
left 627 21
xor 620 73
right 323 29
xor 676 385
right 384 30
left 221 40
left 167 35
xor 258 169
and 94 459
right 439 24
or 165 344
right 257 5
left 208 45
or 416 97
left 161 22
xor 507 125
xor 547 425
xor 686 683
xor 77 200
xor 616 639
xor 406 227
right 636 26
xor 229 692
and 632 397
left 130 23
or 531 621
right 620 23
left 691 63
right 353 35
or 475 548
xor 447 243
right 51 45
right 42 59
or 32 452
right 253 55
and 244 535
right 494 56
right 326 30
right 263 56
xor 400 230
right 20 16
and 446 18
right 645 16
xor 114 359
and 247 612
xor 361 278
left 517 22
xor 420 521
or 177 206
xor 710 28
and 502 48
right 537 13
right 162 6
xor 452 676
xor 615 345
and 650 128
or 643 646
and 502 488
xor 340 87
right 512 39
or 336 588
left 704 32
left 646 62
right 70 40
left 564 47
or 381 560
xor 476 492
or 56 416
or 156 46
or 463 691
and 219 316
and 602 442
left 191 53
xor 208 580
and 323 433
xor 72 236
and 661 135
left 607 7
or 330 480
left 140 22
and 169 585
right 208 17
and 661 89
xor 668 430
or 680 42
left 469 19
and 240 198
left 637 63
xor 162 691
right 443 42
xor 705 423
left 126 12
right 701 20
left 365 32
or 609 196
left 575 43
or 333 328
or 226 387
or 576 549
left 696 45
and 603 409
or 517 668
right 462 50
xor 497 313
left 385 54
and 315 208
and 493 675
right 291 17
and 451 189
or 458 174
and 141 199
right 247 3
xor 541 600
and 128 387
and 520 194
and 531 509
or 630 424
left 478 35
and 3 455
and 211 335
and 122 609
and 576 279
or 276 109
or 635 237
xor 151 179
and 589 133
left 657 31
xor 112 663
or 468 89
or 435 433
and 709 688
or 338 686
or 105 251
left 605 40
or 71 459
xor 441 337
or 32 284
and 46 529
right 65 48
xor 95 143
or 460 274
right 145 50
and 110 139
right 316 21
xor 182 237
left 227 36
xor 538 133
or 323 179
and 193 378
or 286 473
or 100 355
and 158 633
and 59 165
xor 211 482
right 93 60
or 302 313
or 271 140
left 656 6
and 149 78
right 60 21
right 115 2
xor 576 623
or 361 104
and 284 448
left 507 19
and 257 266
and 107 670
xor 91 616
right 387 30
or 483 247
xor 341 495
right 687 35
xor 377 144
or 100 428
and 571 358
left 284 12
right 310 34
or 609 368
and 82 177
and 212 660
xor 128 423
left 642 53
xor 357 199
or 310 299
or 1 293
left 366 52
left 287 44
and 301 341
xor 219 424
or 458 58
or 366 186
or 636 117
left 690 53
or 309 207
or 357 341
left 52 28
and 628 417
xor 505 7
and 305 359
and 149 239
and 209 605
left 693 2
and 287 65
or 80 374
or 305 21
left 246 52
right 53 54
and 170 51
right 628 40
xor 222 638
left 584 2
xor 555 252
xor 642 539
or 48 41
or 372 346
right 326 46
or 543 67
or 332 237
and 262 288
or 684 643
or 634 516
and 479 493
or 410 425
and 406 473
or 199 135
right 145 14
left 298 43
right 575 5
and 458 576
or 564 549
left 153 32
left 589 29
left 700 58
or 638 613
and 618 234
left 499 38
left 261 28
and 91 675
right 292 26
xor 69 409
right 623 53
and 271 707
or 412 696
xor 401 45
right 152 33
or 171 584
right 339 23
left 223 22
xor 421 651
or 617 143
left 651 22
or 580 326
left 304 43
left 102 63
or 646 2
or 135 306
left 137 62
left 238 30
left 304 2
xor 348 619
or 224 693
right 84 60
or 651 288
right 47 5
or 199 592
left 437 28
xor 104 287
and 616 525
or 66 119
xor 434 600
left 233 23
or 88 197
or 534 270
and 297 317
xor 622 517
xor 504 376
left 559 34
or 683 386
and 520 585
left 226 23
left 106 25
right 680 30
xor 659 586
and 216 306
or 297 350
right 260 52
left 372 17
xor 194 96
and 408 616
and 163 264
and 651 504
and 409 606
right 631 1
or 279 60
or 244 357
xor 149 39
right 430 33
right 480 37
left 206 7
and 650 21
and 558 672
right 564 1
xor 621 424
and 687 125
and 348 502
and 492 651
xor 646 503
right 347 33
right 144 63
and 690 684
and 212 664
or 238 517
or 159 428
or 57 537
or 14 175
left 462 6
xor 239 25
left 693 18
left 465 16
left 227 52
left 11 44
xor 600 368
left 271 63
or 632 7
and 274 21
xor 418 484
or 58 145
right 202 19
or 40 14
left 46 22
right 24 37
left 667 22
xor 406 679
right 705 38
or 120 296
and 554 136
left 500 49
xor 470 397
and 235 570
and 648 38
or 268 63
left 151 54
left 403 28
xor 26 553
left 368 50
or 153 650
left 555 42
or 524 198
right 620 60
and 153 504
and 61 194
right 488 52
left 612 15
and 126 197
left 240 56
right 650 60
or 619 117
xor 71 641
or 54 551
left 607 16
left 620 30
or 697 231
xor 215 133
xor 158 259
left 77 18
or 669 572
xor 489 613
or 170 685
and 182 28
xor 628 57
xor 289 677
and 145 85
left 346 51
left 141 50
xor 266 669
right 245 26
right 631 2
or 424 130
or 280 312
xor 109 230
xor 64 652
or 474 86
left 404 38
left 467 7
xor 211 395
and 589 62
left 250 14
xor 524 540
or 195 242
left 604 47
right 493 33
left 348 21
and 288 137
or 662 604
xor 206 238
or 419 249
right 103 15
right 325 43
right 677 30
and 53 89
or 369 582
and 49 352
left 660 17
xor 547 14
xor 564 220
and 264 62
right 27 31
right 39 42
or 591 457
xor 96 510
xor 85 302
left 45 45
left 582 60
right 412 24
or 402 256
left 630 6
left 529 23
xor 349 142
right 615 57
or 498 252
or 470 471
right 446 17
and 196 520
left 586 39
xor 413 179
left 593 26
or 702 50
and 398 399
left 586 50
xor 75 223
right 74 52
right 509 50
xor 6 179
and 202 188
and 91 23
right 235 22
or 455 607
or 645 427
right 267 43
xor 44 510
and 207 585
left 130 7
right 702 25
right 372 35
and 663 104
left 288 49
or 145 217
xor 185 285
or 625 685
or 657 18
right 467 54
xor 260 356
or 170 481
and 259 275
right 536 62
xor 258 516
xor 463 83
or 119 269
or 202 316
or 10 262
left 462 62
and 209 545
xor 473 4
or 414 263
left 502 55
and 117 479
xor 204 364
xor 642 483
and 654 107
or 640 251
left 645 37
and 430 344
or 705 106
xor 39 654
xor 227 578
left 197 58
or 683 322
xor 541 386
right 224 27
right 222 1
or 483 326
xor 317 179
or 696 173
right 501 30
and 569 573
left 280 33
or 470 31
right 313 60
left 194 62
and 49 441
left 289 18
or 530 85
right 538 40
left 208 56
and 531 562
right 11 27
xor 586 23
xor 60 469
and 632 663
and 112 1
left 696 62
left 184 13
left 695 17
and 668 411
left 144 4
and 325 376
xor 566 251
or 259 445
right 525 39
xor 432 479
or 201 597
and 184 70
and 384 187
and 77 144
or 473 288
and 143 36
right 654 37
and 611 150
right 325 5
or 703 663
and 637 153
and 150 470
left 173 51
and 266 354
left 325 59
and 39 392
and 262 336
left 25 44
left 367 61
right 364 2
or 262 34
xor 624 318
xor 611 491
or 652 179
left 259 56
xor 155 676
and 220 227
or 309 386
or 682 175
left 574 13
and 286 223
right 284 63
right 174 4
xor 209 110
or 19 369
left 79 58
and 532 167
left 31 34
right 33 16
xor 596 577
xor 111 152
and 239 569
right 240 16
xor 599 242
right 559 45
xor 579 474
or 564 428
left 65 26
or 219 625
and 680 643
and 259 44
right 193 42
or 397 657
left 58 50
xor 674 527
or 237 395
left 458 29
and 268 446
xor 111 87
xor 534 57
and 113 449
or 111 64
xor 545 594
xor 567 653
and 120 38
left 67 18
right 622 20
and 182 556
and 468 667
or 669 624
right 91 53
xor 268 270
xor 150 104
and 112 93
xor 619 213
left 364 14
or 504 458
left 314 4
left 570 31
or 336 489
xor 159 580
left 564 11
xor 190 553
xor 543 665
and 260 706
right 15 41
xor 178 285
and 629 599
right 214 46
left 467 31
left 55 36
xor 381 496
xor 399 686
and 654 651
or 159 333
xor 144 348
or 409 659
xor 555 577
or 52 81
xor 80 681
right 19 57
or 538 407
and 38 228
right 91 35
xor 232 464
or 369 608
or 154 439
left 357 59
and 582 468
xor 110 548
or 700 700
xor 643 660
or 239 120
xor 655 212
or 433 577
or 411 235
or 293 522
xor 124 302
left 665 14
and 576 550
right 457 45
