936 3
10101111111010111000100100011
01010101010100101011000001100
01010111101001010000000000001
00010110101100010111111111011
01101000001001001100011101011
00111100100000011000001010001
01100001001001001111101111110
10011011011000010100011001100
10110010001101100001001100111
11010011101110101101011010011
10101011000011111100010101001
11100111001001110001011111101
10111110001011001101000111001
10011100100110110101011010111
00000110111110111011001101100
01001000101011100010100011000
01001010101110101100001101001
10001011110110111100000001110
11111101000000101010010101110
01110001110100101011111100111
01000100001100100110001010001
11001001001000000001100100100
10100100110101101000001101100
10111110111000010100100101110
11010101101011000101000000001
10100000101111100101111100100
11000001100111010011100001001
00000001110111111011110111111
10000001010011100010011111000
10010000010010100010110011000
00100100101011110110000000100
10111100001011100110010010101
10011001011001001000100111010
01111001011100000010010111001
10001101110111111111010111101
10000111110011101000111110001
11110111000100000110110001011
00001100011010111110001101011
10011010011101010101101111101
00000110000011001110101100011
10110011110110000110011011011
11010110010111010011111111000
11100111010111010110100011101
10010111001101101001100100010
00111010100011000000011110110
11111001101101001100110001111
01000110001010101100101001100
01011000100001100011010001010
01010100110010001001011101010
11011010010110110110000100110
01110000110110011010110100101
10001100001110011101000111111
10010010110101011100110011101
01001010111010001110110010101
01110110011101001011100001100
01010011110001010010000000010
00010110101001101000100100010
11011100001000111111111110010
11001110110010011100011101011
11001011110010100010000010000
11011001010101100111011011010
00100010110010001110000111011
01100101100010111000100101011
10100111100000100010011010000
00001001100100111011111101000
10010001110100101001111010000
00110011100011010101100011111
01001111000101011110101110001
11111000111100110001110000100
10001101100011010110000110111
01001010011110010010100001100
01011011010111011111111111100
11001110000001111011100111000
10100110010010101001111010100
00101110110010001010011101001
00100111010111101111010111100
11000100010000111100110010111
01111100101001000110111101001
11100001000011101111110001010
00101000000001010011100001001
00001001001000110010110110001
00100110110101000100110011111
00101101100000010111100000110
11010010001001001000100100110
11101001101111001001101100110
01110100110001111010001010101
00011110011111011101001111010
01001110010010100011100111111
01010001010110011110011110001
11011110000101000001101010111
11011100000101100000011000111
00110000010111111111111001100
00001001001110100011101011000
10011001111101010110001111011
11010100111011101000101110100
01110111101111000000001011110
10001100100111001111111111100
00100101000001110101010001110
11110110100010001000011011010
01110000101101000110110100011
11110010011011001000100111111
10101010110111001010101100010
00101101001000110110011001011
11100011010000001000100001011
10100100000100100110111011000
10111010010010011001100000010
01101111011000100111100111111
10101010101101100101010100011
10011111011100111100110101101
01100011111100101110110011010
00001000111000010001110010001
10110110111000110011000101001
01001100000100001101010001010
00000111110011001010010010000
10111110001101101111000100010
11110001101101010011101101001
10001011000100110010101011001
10010010101010011111011001111
00000001110100000111001111001
10100100111001001011101001111
00001000110000011111001011000
01000000101000010001111100010
10000101110100000110101000101
00001010101000000101010001010
00010100001011010001011101010
11011110110110000000011100100
00110010111101001011111001110
11111011111110100110011000011
10011101011000101100011101001
11111000001111010001101011001
10001001001010100001010110000
11111001010000000010101000100
10100000010110100001100110110
10111010010110101101110111100
00101101001001100101010101110
10111100101111000000010011010
11110010111101011101100100010
10111110011110000111101100100
10010101001010110100011001100
11101000110100101010010001010
10101110111010001110000100111
11011000100010101110110101100
11101011100100100111010011001
01000011010011000001010100110
10000011001101011001011011010
11100000110101110000001011101
10000000111010111011110100011
10011111110001000110011110011
10001110101010100101101000100
01001011110110011011000110111
10110100111010101011100101000
01100000101011011001101000011
11100111110100010100000010010
10101000111010000100010010110
01111101110100010011111011110
01110001011110010111010000101
10101011100011011100111011010
00111001100101111010011101010
10011101000000011101010001000
00100110110110010101000100110
11011000001101001000010011011
00010001001000010000001111100
01000110000010010110100011100
10110110010010111010010010101
11000101000100010100000100001
11100101110011000101100011010
11100101100000011010010010100
10101000011010000010110010110
00101101100000101101000001100
10011100101101101110101111100
00101000101100110101111100010
01011001000111110010111000001
10100011011010111110011101111
00001010000111000111110001111
00100111011000010010111111100
11010000010101101001000111011
01000100100010001010100101101
01111110000000101101000000111
10101011011011001110101111110
00101111001011110101000111010
11011000111011100000010111001
10010100100110001010110011010
00111010000101001111010101011
11101011010011001010110111100
01101111001001111011111000011
01101110001101110110000110110
10100111000011000001111111110
00111010100100011001110011100
00100010111111001110101101010
00001101000001111101000011001
00101010000100110011000100001
11111101001010011111010011111
10001010000100000100110011100
00110100111110100001000110101
10011100101011010010010110001
01001010010010000100111010110
10011001111011111101000110011
01101011000111010000010011011
11110000100000110000100001011
10000100001011011011000001011
10011110110010101011111111001
11000111110000101011101010000
01001001110010000110011100000
11001001010110111110010111110
01111100110010111100000010101
00111001000111010001000100001
00111000010100010110111110110
00001111011100100001010101001
10110100010001011011011110110
10111000000100010100001110100
00100110111110100001110101000
00010011110001010010011110101
01101000111110100000010100011
00111010011000100000000111011
10010100000100000000110110010
10100000000100110110011111011
11100100101110111010110011000
11110111000011111001101111001
00110001111100011100101010100
10001001010110110100101101000
11011001011111010101001010011
11001111111001111101111101010
10110101000110001100111100111
01000101010011111011010111111
00101000000000110110000101000
01000010101101110011111111001
00110011100111000100000111001
00101001011010100101111110100
10011010100010001000101011100
10111111010011011001000010001
00100011111011101011010010000
01010111000111100101111010100
10011110000010101000011111111
11011101101110011001101001110
00111010101111011110101001011
11100110011011101111010000000
11000001111001111110100000111
11001101100011110000101101000
11100101010001110010010001001
10000101111001011111110010111
10011010111001000111000001110
00110000001110100100000100110
01000101111100001111111110000
10010110101011111110000111101
10110011111011100110000000111
11010100011001101100000010011
00110011011001000011110110011
10111010100000011001110010100
01010100101111111100101000001
01011110111001110001100101101
01111000100000011111110011001
01110010011011011100100000100
01010100000000111110111111011
01111011011111111000111101001
01110010101010111001101010000
01010010101111010101110100100
11111011000011110011001100001
01110010100110101001101011011
11100100001011110010001001110
10101100100111000000101101111
01000001000010100000011101110
00100100100000100110110011000
00101111110100001000100110001
01100101010010000010100101001
11100100110010010011100101110
00111100100000110110000001001
10111000011011110001100000001
01000010011101010000010010100
11101101100011110010000000101
10001001010110011110110110110
11111010000101100001100001110
01110110010010011011000010101
01110111001101001110000101000
01011100010011101101101100010
01101010011011100110101100000
11110100011101010001101010010
00011110100011001001010000110
01101010010010101111101011110
00011111011011100011100011100
00000111010000101101001001110
11011101011111011010001011101
00001010000100110000110001110
00001011011000001000001101111
11110100110001011001000001111
00001101000110001111110010001
11001011001000110101111011101
11011001011000111011010100111
10000101011111010100010110111
00001010000010100011011001100
11111101010010111011101001011
01010100000101000010101010010
10100011111110101111010010110
01100001100011100011101001110
01101101010010101101010001110
00111100110110010111100110101
10111100100111011010110111010
01110001011110000110101001111
01011101110001101110111111100
01111000000000010101000101010
00001011000000000101101001001
10011001101100100000001011101
10110000111111110110111111100
10111111110111000101011000111
10111000000101001000100010011
11110010110110100111010000100
00111111000101101110100000001
10011100110100111000111110100
11111001010011010100011100001
01000111001101011001001100000
00110100010101101111100111111
00001100100001111110001100000
01001011010111110101001010111
11101101010111000101111110011
00011010000101110101011110011
00100000101010001001001110011
10111110101011110110000011110
00111101000000111111011011110
01010101010000000001111101010
11001111001101110010001110101
00010100010001101001101110001
01101000000001000010001010010
00011001011111100100001011111
01101011100001110010000111000
00111110101101110100001000110
00001010111101010101100110010
10010000111101111100110111101
00100010111010000011010111110
10111110011001111111001101110
00101000101011000111011000011
01100010011001110111000110001
11111111001111010111101101111
10001110100111001101010111100
01101011110011111001011010110
11001111000000110010100010001
10000011000010111010111101101
10010111011111010101100010011
10011110000111011111000010011
10010101001111001101111111011
10010011000101011001010101000
01100110000101111010000000010
01001100000001100010111101101
10001010010000011000001111100
10100010110110110011011100010
10111111011110011011100011001
00001111011101001111100100111
11111101011111101111010111100
11100011101001110100110011111
11001001110011000100101111000
11011001111001111110011000111
00010110101110101011111111111
10111010110011110000111100000
11100010110010101001101000100
10101101000001100001010100101
10000011010110101011000101000
00110111101000100000110111101
10010101010000110110111110001
10010011011111100000101010111
00000100110001111101101111001
11111100101011001110110101110
10101110111111001111000100111
11011010111010101000110110111
10000010111000111001001100000
00100110111010111001001010011
11110110001011110010000000101
11000110010000011101000110110
10110111010100100100110111000
00001110001000010011010001110
10010001111001001100110010010
01101101111001001111110100001
10100111110001011000010111101
01100101110000010101111110000
01010010101001001110001110011
01111100001111100011111100010
10011000001010111111000101101
01101001001111010111001110100
10001101111110101010101000101
10011100111010111000111101100
01001110011100011001000100111
10100001101101101011110111111
11010110100101110101100001111
10001100011010000101010010010
10100111111001100101001101111
01100101010101110110010001000
11000001011100111111011111011
01110100011110110011001111101
01110010000011111011101101010
00001101100100001111101100111
01101110011010110100011000010
10001111001111000101101110100
00000001010001110101011010011
01001000000100111111111001101
01101110010010011110101010001
00011011111111011010111111011
00100100010101011001100001111
01010011001100111001000100100
01011100110110111000010011100
10100000001000101001101000001
00001000000010111100111111011
00100100001001010100001111011
10110111101110000111111001111
00111011000000100101010110000
11000111001111110111100001111
11111111001110001100001000011
11100001111000110001011001000
00111011000110100000100011011
11110000110111101101100100111
01010111100000101110101111010
10000111000000100111011010100
10010001111100001000000110010
00100000010011011000100101000
10011110100100010111110111101
10001010111100100111000101010
00010000100111101100000001001
10110000000001000011010010101
11010001001000110110010111010
00111011001101100101001100010
01000111101110110111111101011
11110011100000101001010110100
01101001010000000110100111011
01110101111101100101010111011
10101101110101100101010111011
10010011000001000000000101111
00100000110100011001000001010
10011110111101101011011010000
11001110110011000110001111010
10100111100001111110011000001
10011011110110100001100110100
11011111100000101000001000000
01111100011011011011111101111
11100011001111111000111000111
01010111011001000110110000001
11100011001110100101110010110
11110011101110011111100000101
10100000111100000001111011011
11010010011000000110100010110
00110110010000001110011011010
10011010111111101010110001011
11011111011100011011110001011
10000001111000100001110101111
00100100111100101001011100111
00101111110011011001011000000
11010111000100000110101111111
01010101011000101110010001110
00000000010101100011101001110
01010010010101111011100110101
00000101001001010100010011101
11111110101101111110100100011
00000111001110100011110111110
10010011011000101101011100010
11110010000110101110010101101
10001100010011000011101001000
11110011010110100100010010101
10000100000100001010010011100
11111110011000001011110110001
00011101111001001011111010010
00110001110001011000001110010
11010111000110000110010011111
01011101011110010010110100011
11101011001110000100000001001
11000001111001111111001001111
10110110101001111000110111100
00101000000000011101011110000
10010100100001011101001110011
11010111100100010110100111011
00010011100110010101000000110
10011001110000100001010010010
10100010000000001001000100001
00001000110110010000110111100
11001010011101001111110101010
01011011110101110101001000000
10110000100001110011110100100
10101000111110101001010111111
11011011110001100111111010011
10010101010100011000011101001
11111000011110110101101010000
00011101101010100001010000100
01001110100110110110101101101
00110101000000111010011000100
11000101101101000110010111010
01111110001011001100000011101
00101011101111001010011111010
00000010000011100000101110000
10001001101001101001000011010
01111101111011000010000111001
00110011001011101110110101010
10011110010100011101000111100
00100000000101110001011110010
01010110110101110010101010000
10000101100011001011110001101
10011000011000110000100000111
10100010010011010110001000001
01000011111101011111001011011
00101001111010000101111100010
00100110111101000001010101100
01010011010101111110110010011
11001101011110111000001111010
10100111111000111000110101001
10101100101011000111010111100
10111100001011100111101000010
01101110100010110011100101101
00100011110100100000101100111
00100100011001000000101110110
10010011110010000100101010110
11111010011111010011010010110
11100001001110001101010100000
00111100110101001110110111110
11000110111011001110010111010
01111100100010001000000100110
01011000001000110000000000101
01101011011011111011011001000
11100110010100001111001011000
01110111011110011010101101011
01110011100011101011110001011
10011111110110101100011101011
11101010111011100011011110100
10001011110011000000110100001
01001011100111001001010111111
11001010001010100110000101000
01011000000000100111011000111
10100000000101100100000011000
11110110100101110000000000010
01010110111111110110111101101
11101010111000010101000011010
00110000110000010011000000010
11011011000100000110000001001
10001111101101101110010100110
00100111100101010000100101101
00101100111101111001001000001
01100111100010001010010001001
01010011010010111011111011001
00010110100000110100011100010
10110010011001100001001100101
00001110010100111011011100111
10110011111010010110000101000
10111111000110010111010101111
10011110000011111101011010011
10111010111001111010000010100
01010101000010011100000000010
01011101111011101011011000100
00011110100010011000110111110
11001110010010010110110111000
10100110010011101100011110000
10111101001001111100000101001
01000010000000010001001100110
11001011011011000000010111110
10000011111001000000000101001
00000001110001101101101100101
11101101110101110101110101000
01010001011010001101110010000
01001101101011111000011001101
00010001010000101011100010011
00100000011111011011100101101
00001010110000000110001111100
01001010111101101101001110000
00010011110101111110101110000
10010100011110111100001010111
11011111111011010111111111111
00000010101100010111010001100
01111111011110110011100000111
10101010010101000100010010011
00000010010110110110100001001
10100101001110111010111101111
00100101110101000110110001001
11100101110110110010101101110
10111110110111010100100111100
00010101011110100000011010101
00100001100011110111111000101
11101001000000111000010100000
00101111000010010110110010100
10011011101001111010110100001
00100001110000011100001000011
00101000011101100001000010100
01000000000011010010000001000
00010010001001001101010010100
10000101111100110101011111000
10011000011100100001011000101
10000110111010110110011101010
00000011111001110110010101011
10110010101011111010110010110
00100000101111110000101100001
10101001000110001111110111010
00111101100101001111000110000
10010111001000011110000101000
00111110000010101010110111001
00010101001011010001100010100
10000101111001111001110110011
11110111101011000100111001001
10011110001011101000010100110
01001111011000011001101001010
01011000110011011101100010001
11111000011010100010011011000
01110010110000101011110000000
00111010111011100110010110010
00001111011101110100000100010
01000011100111110111110101000
10000000101100110001110111111
11011111110101110110100001010
11101010100001011100001001011
01010000111111100111110100001
11110010000111011110001000010
00001101001001001110011001101
01001010000011101100000110101
10100110010000011000000101000
10011011011110110010011000010
10110000110010111110010101101
11010111010101000111011001010
10101000110100110110010000011
10011000011010011100001101011
10010110010100010001010001011
10110011111000101011001101101
01100001000111100010100110001
01010001111110000000101110010
00000001010101011110111001101
01001011001000011100001101110
00010100001011001111111001000
10011100000010100101010100010
00100110110110111111101011111
00101110111011010101111111000
01100111000111001100001111001
01110111110111000111101111001
10001101110011111010100101110
10110110101001010100010011000
10001100001010000111011111010
01111101011000000000110101001
10111001111011011110111110101
11011111000110001100101010000
01101111001010111100101100100
10000011101011100011111110111
01001000011001010011110001101
00110111011101001101110011010
00101010100010100101110100010
11110101010011110011010111100
00101101111000011111101001100
10101110100100100010111101110
10011010111010001001100011101
01001011110010010010000110001
11000010001101011011100101001
10000000100110010100001001011
10011111111000100001110100111
01001110010100101110001100111
10100111101000000011111000000
11110110001011001001011111011
01100001000010001011011101011
00111100010010000010000100110
00001001001101101110010001000
10011011001010001100000101111
11101011100110011110110101111
00011000111111001010111010001
11100010010011100110001111000
11101101110010101101101111011
01000110101001101000011100011
11101110010100110000010101110
10101011101000000100000111100
00100100111101111110010011101
00100001000111100010100000100
11000000110101111101101101101
10000011010001010100101110101
01100110001001011100000011111
10111111011001011001011011100
01100000110101101111101011100
00010100100001010011001001011
00110011010010101011101010010
10011101010000101010111101101
00101010001001010000001101110
01000010101111001101111000010
11001001010000110101110010110
01001010110010011110101010111
10100100101001101110011100001
11011110101111111100010101101
00110001010001100011111010010
10011110010110111110011101111
01001100100001101010011100111
01111001010010011000100111100
11101011101001101001000101011
01000011100010001110100101100
01011001110110011000101110001
00111001011110001111011000100
01000110111000001010110001000
01011111010101111001100010000
10001110000110001111101101000
00110101001100000001110100100
10111010000011011101110001100
10111001101101000011010110111
11001111111100001001111010010
11101111110000000010001110000
00111101110000000001001011011
01100010101001001011001010000
10011010111001010100001011111
01101011111101101100100110110
00001011111100111100110011100
00110100001110110001111011100
11110011011011110011110000111
11100000011111001001110010011
11110110000110000010110010001
11000100110111010000001100010
00100000001100100000000101100
00001011110101000001001010000
00001101010110110110100100001
10111000000101100001100001010
00111001101101110010001101111
01000101110111100000101110111
00000001010011100110111100001
10000000001001100001110001111
10110110101111000000011110001
11010001101110000010011110010
00100100100111110100001010101
00100101010011100000010100001
01111110000100011000100001010
00000111011000000001000000000
10000000110111111101111111010
01101100101110001111110000100
00011011010101011001110001100
10110000110001111011001001010
00101001101001000010111101111
10111100111101100100111000011
10011110111100111111010100100
00100110011100100011001100001
00100111011100111111101101001
00111011101011010100011110100
11110010101111000111110001100
11100110011010100001100000010
01110011111001101001010010000
10001011100101110000011011110
11110010101110100100110100010
01111111010011111110011100101
00100011001101011000100101100
11100101011000011101010011010
11000011001111111001111001110
00100100000011110100111101101
00101100001001111010101010111
10011001101111010101100110001
11011110101010100000011010000
01010111011001100111011100100
10000100000111100000110011010
01101010011010100110011111001
11100110001111111110010100010
10001001011001110001010111010
10100110100000011010000101101
00101100011110100010111110011
00001010111000101111110001011
10110111010100001011100100100
01111110001100000001010011111
10101010000010110100110011110
10111100110110011111100001010
11110000101000110101011001111
01001101000010110011011000011
11101111011011000100111001001
11001000010101011000001111001
01101110110001011000000000010
01000011111111100000000000000
00111111001010111011011011010
10011100000010010100010100010
11111100100111011110110011011
00011010010101010101101001010
10010110011010010111100111111
01001000111001001100011000011
10100110111000010001001011011
10011010100110111111100010110
10111011111110101010000000001
10011001101010011000110110010
00111101100110010110011111011
10111000110111000101011100010
00100110101100010010110000010
01001000011000011111110000001
10111101001111101011000110110
10001111101100011010100001101
00010001110001000100000000011
00111011111011111110111111110
10010100101010101010110101001
00000100011001100111000101010
00000000100010001110000001001
00100110011011010001101100010
01000100000100010111100100100
00011000000001001010101000001
00100110110111101111011001101
11101100111010001000011101010
00001011010100100111111100100
10110110001100101111000111011
00001110010001010101011000110
00000110010111001100110100111
01010011011100110101011110001
11101000010101110010110001101
11010101101100100000001101101
11000101010001111111111010001
01000001111010111000111011110
01011010011101100010011110001
00111101000111010010000110010
11010101000001011100000011010
11100011101100100011011110010
11100000101110011010100101001
10001101110100110000001010001
00000101111000101000000110001
01101010000110101111110111101
11100010100100101101010010101
11001011110101100011000110111
10110100011011000010100000101
00001100101011101011110100001
01101111100111100110001001011
00110001111100011011101111001
11111011110000000101110100000
11101011000111111111100011111
11000110010111000100011110001
11000001001110000111110001101
11001000010011111000111011000
11101001001000111001010000101
00010010000000001110010110100
11001101000100111100000111111
11001011001000111000001110001
11010000111011010110111000110
10111011111001101101010100001
10111000101011101110100011011
01000000001011100111111111010
00011111111100011001010101100
00000111000101101010000001000
00000111001110101101000100110
10110111000111010001001000000
00101101001100010011001010000
00011000111110110000111101000
01001100001110011001000111111
01011001001110011001011010001
10100010101110100010100011011
00000000111001100100011010100
01011111111011000000100001100
00110011101011100110111011001
01100000101011101000110000100
01010010010000111001010110010
01011111011110111011100011111
01111000110101000001110110011
00110010010101111001010110110
00001001111010001011011111010
10010000111000100110010101111
01001110111011010011001101100
11000101001111000100110101111
11010011001010111110111000110
00100001111000101011100111100
00011010001101101011101110101
10110001001001010000000011110
10111000110100111101101100001
10110010011111010101101010011
01010010111010100000101111010
00011111010000111111110111000
00001110001101000111010010110
11001110010101111010101011010
11100111011010000000101010100
00110111000100000000000100001
10111010010011011111100001001
01000010110011101010000000010
01011011111001111101011011111
01111011100110111000010110001
10001110001100001111110111000
01101001101010001110010011101
10110000011011110101111011101
11000100000110010011000110011
00110100100111010110010010000
11110011010111010111110010110
10111011010111111010101001111
11011101111011100010101011010
10110000011011100001100110101
00000100101111000010000001110
10010010101110100100010010101
01001000101100001011111000101
10100100100011010010101111110
10011000000000100100000001110
10110110111111011010000000011
01000001100010010100100100101
01110110111111111011010011000
01010111010101100010000100110
11001000111110101110110101000
11111101111000101001100001011
10101011010101100010001000000
11110110101000010000100000000
00100101010000000000000000000
00110111101011011101101000000
11110011100111001000010010110
11100100011101011101111010111
01001100110101110011000100000
11011000100001000000110110110
11000100101101110110111000100
10100001010001101000000110110
11101101001101100111111110000
00111100010001001000110101010
01000110000100000011010011010
11001110010010110110000110101
00011100000111010111011110001
01111000000101011110001110000
01011111110101011110110101101
10001110010011001111010011000
11111001111011101101011111000
01100010100000110111100011110
01010010001001000000101100011
11100000010001001001100101100
01101001001111001010011110111
11100110111000100110011100101
01011010000110111100100010111
10110001101100001011010000001
11100000011001101101111010010
01110110010110001011010100001
00110111011011111111000101000
01011110000100011100011010010
11101010110101101000001011100
00111101100000011100110100110
11010010001111110101100011010
01110100000011101000111110010
01011010010000110100001101101
00111101001001010111011011000
01011100010000110010100000111
11111000000101110010111011001
11000111111101010111010000110
10101110000011001110001101110
01011000101101101110000011100
00010101110000011000001001110
11011001010110111001011001010
10100100111010100110101001010
00101000011101001000111000010
11011011111010000011110010010
11010100011001101100111001101
01001100101001010011110001010
10100110111100110111010110101
01000001100001101000010111000
11001001010110101110110111001
00010000011110001110011010101
00100111111101001010011111110
10010101010101010010010100011
00000001011101111111001101001
11110000010011000111101101111
00010010010110000010101000011
10110110010000100011110100100
01101110010000000000111000000
01000111010110100100000110111
01110111011110110111111111000
11010110100010111010111000010
00110010111101000010111001101
00101010011101111111011101110
11110111011100110011100011011
01010010100010001000111110110
00010100101101100100101010011
and 862 25
and 438 865
xor 260 653
