347 326
1011101001100010010111010111
1001100001100000010000110110
1000101001000100000001101001
0101101001010111001000101010
0100001101000010111011011100
1100000000101111001111100001
1011111101101010001001100100
1010001110010101010011010110
0001010111010100001011001001
0100100000111101011111110011
0110111011011110110101000011
0000011100101010100000000000
0110001010100001011001000000
1101000001011111010011010110
1100010110111000101111000010
1011011001111100110011000010
0010101110100111000110100100
1110000101011111011011101101
0000010010111100000111100101
0010010000010101000100011111
0100111001000110010100000001
1100100001001111001001101101
1001001111111010101110110111
0110011000111000010101010000
1111001000000110010001000010
0101001100101001111100011011
0101000101010111100110000011
0001100010110100001001111111
0000111011000100000101100000
1111000111101011111011100000
0001001001110011000011010110
1111010011010101100001000011
1010101101111111010011000000
0111111010011110100110111111
1101010101101111101001100111
0010111100011111100011011111
0001011100010000011111100101
0101010001011000100111000110
0100001011100110110010101101
0110011100110010100110100101
0101001110011111001110000011
1101010110000001110110100110
1010100010100101100011011111
0010010010001101000111100111
0101111001010011110101010110
1111010101111101100010111101
1010101110001010111111110101
0111101011101100111110000110
0011100010001100010001110100
0101110000010011111000011101
0010011111010000110001011001
1001100111001011111001011100
1011000100010101110011011100
0001000101001111010110000011
1011011111010010111100110110
1111100101011011101011001111
0101010101000111101010101100
0000101110011011111110100010
1101101001101110011100010001
0110011001000001101110111101
1000110011010010001000111000
0011101011001011110111110101
1011001100000001100010100110
0111101100110110111010000000
1101010111101010100010110110
1010111010101001011111011101
0100110100110001100101111100
0000000111011111010111010111
0100001001110001110101000110
0001001000000110110110011111
0100101101101101110000110010
1011111111010011111001111001
0111010100001111110001110001
0011000011101000111001011101
1010001001000001001110100111
1100110111001001001000111011
0001101000011010010111111110
1011110000100111110100001010
1010100000000100010100110111
1010101011011010010000010100
0110110011000010100110101111
0101011101001001101001100001
0100001000100101010110111011
0100011010011001100110000100
1110100111000001000000100001
1011001101011001100100100100
1110101110010111110010010110
0001100001010010101111101111
1011011111000010000001110011
0001110111100101101100111000
1011000110100010111011101110
1100101001110000010100101100
0101010011011101001011001100
0000110100111100101110100101
1001000110110001000111000100
1110111001111011111101010010
1100000010011111000111010001
0111100100110110101101011011
0100101001100110000101001000
0110000100101101010000000011
1111000000000100001001100100
1110000000110111001100100000
1101011111111000101000100010
1100001111000100000101101011
1000100010101111011011000101
0111111111101010100111001001
1111000011101010001101010011
0010101100111010001000101011
0111101000100110100011011000
0100011110111111001100111011
0110010100010001111110000010
0010100000100101100001110010
0100110100100001100110110100
1001111001101001010010101011
1010011100111110100010001110
1011001011101111001101110101
0110101000011011100111011011
1100010111111001000100011010
0010110100011000011011111111
1010010100010001011001010100
0110100110000010111100001010
0000110110010110100011000001
0010011101000110001101011011
0000001010101001110111010001
0000011010000101101011100010
0001001010000010110101110100
1101100110100111101111010110
0101011011101110001000110110
0011110101101100010011010110
0001010110010011101110111001
1110101111001101110010110001
0010000101100101001101111001
1011101101010110110101100010
1010001101010101011101100001
0011001011010000101011100001
0101110110101101001111100100
1110011101001100101111000000
1100000011101100001110001101
1010100101110011110001111011
1100100100001010011001000110
1010110110011010010100101110
0000110001101110011001101001
1110010100101101001010110011
1100110100001110011111101011
1010010111011000111000101001
1000010010101111111100111010
0111101011000001100110000111
1001111110110110101100010010
1000001010111001111110010010
0011111110101010011010100101
1111100011001110000001011110
0111000010001011001000001111
0111000101111101010011011001
1100011111010110011001010000
1010010001111101011100101010
0001010000100011010010110100
1101101011011111000011001001
1010111110101111100101100101
1000000010110010111011100000
0011100100110001001010001000
0000100000100111100001011010
0001011111111110001101100111
0110101111100010100101110010
0110000100011111001101110000
0100010001101000111101100011
0110101111010101101111010100
1111110011100101100000111011
1111010100111110011111011110
1011110100101010100001111110
1010001111010111001110111100
0111100101001111010011001111
0011100100010111000010111111
0101110000101011100110100011
1100001101101100101001111001
1110010001100100000100111001
0001010010110010110111001110
1110001011000110000111110111
1010110110101011101110101011
1000011001111101110010000111
1000101110101111010100100100
0111010111011010101101000100
1111001001110001011101000000
1110000001100000001000101100
1001111111000100100011010011
1111100111011011110100110100
1111010110001110100100000110
0100001011101000101001101101
0101001000011010000101100111
0111110111001010010010110110
0000011101010011111101010100
0100001010110110000111011001
0010011000010110001001100011
0000011010010000111010001001
0110111010000110110111101100
1001010101111011101001111010
0011011001000101110001100011
1001010101100100101001100001
0101100011110011001101100001
0001100111100000011011100100
1110111101010110111110001101
0100010111010001111010001000
1100000010101011010010000001
0000100100110101110111101001
0011011011111101000100011010
0100111100111100001011110101
1101000111010001100101111001
1001100100010100101001111000
0111110101001101001111110001
0110001100001100000011100011
0000100101001100011011000101
1001001101010010100111100111
0101100101010001111011001111
1001101101011101100011111110
0011001000111100000000010101
0011000101111001101001000010
0010001000111001000001001001
0110101100000110011011010011
0101111010011001111110001000
1111100010010001001000111110
0101100001011001111110110101
0000101000001000101010110101
0100101010110101001101101010
1111010101011100001001110011
1010100000101110010100101111
1000001001001100110111011010
1110111010001000110000011000
0001110011001000010000000000
1001011101010001101111111001
0011001110011011110011110101
1001001100010001110000001111
0101001000100110001111101100
0111010011101001001000111010
1101010101100000101101101001
0111100111000000000100011110
1111110011100000000001011000
0101101011000100110111000011
0110010111100101111000011011
0000111001100100011101001010
0110110101100000111000101100
1101011000101010010001000101
1000000001001111101011001001
1100101111010010001100101100
1011101100011000100101011010
1111100101010001111011110101
1101010010101111111000010110
1100101111101001110111110010
1000101000010101000101010000
0101110111101111111101000111
1111100010101101000111011111
0001000100111110001000011010
1001100100001110010010110101
1101000101011010110001011101
0000001001110100110001000111
0101001010011100000100101011
1001000011001011101101001111
1000010010000001000101000010
0011010000100100010010010010
1001010010110011101111000010
0001110101011110101000010010
0000100010101111001110010010
0000100010001100101100110111
1011001101110101101001111000
1110101000110100001110111101
1111001001011101001110001010
1010101101110101101100011110
1100100000111101000101100101
0111011110100111010010010110
0111100110110010101111001011
1011000101001111001100111110
1000011000101000111110110001
1110110011011010000111111001
0101001011000010010011000110
1011100101110100010001110100
0101100000001111111110111011
1111000000000001010110000111
0001111011010010110110000000
1111011110101101010110000001
0011111100110001001011101101
1001000011111011111110101010
1110001001011000010101011100
1100010011111100110000111000
1001101000011110110001011001
0011100000000101010100011001
0000010110000000100010100110
0110111101101100100110100001
0110000111110010110000111011
1001111011101001011111010101
0101110101100001101100110100
0010111101010111110001000110
0100111000110100011000001001
1111010101011101100111111001
0000001011000010111011001110
1110000001011011001011000001
0001111111111010001111100110
0100101111010001011001110010
0000000101000111110110111101
1111011001101001110011101010
1111000010011000000100111010
0000111111011001001011110001
0101101000111101010011101011
1101000111111101010000111000
0111101101111000111001001111
1110111010110011111001000100
0010100011000000011100011010
1000010110011011011100011000
1100100110110100111011111100
0011011100110001101000011101
1111100101101010001100100010
1010101011011110100101011110
1101111011000011100010110101
1010111001000000100000110010
0101111011010010100000000101
0110011010001111111010010111
0100010111100101011000010101
0000101011101001100001000000
1011010011010111100001000010
1110100000011001101001000111
1010101011011000011110110010
1010011110001010100111100010
0001100111101110100000011111
1010101001110011101111111111
0000100001001111001110000011
1000110010011010100101111111
1111111001011000011011100011
0111000111000011100111110110
1011101101101101111011010100
0100111100000101000001010000
0000100100000000011010011110
1101010110010011101111101000
1100010000010011100001110001
0001100110010010001101111001
1011011111111101111111100011
1110001010001110001111010110
0001111110001000101100011001
0100101110000001000101001001
1001001100010110110000101010
0111100101111101000010010101
1110011110111001110010000000
1011111100010100111101110110
1110101010111001111100000110
0001011101011110110101000000
1101000001100110100000100110
1100101101101001001100100110
0000100000111010100101001110
0001011111001111001101001010
1000011000111111100111011000
0101111100100010011111000001
or 193 48
left 41 18
right 38 39
xor 267 129
xor 300 324
left 267 8
right 262 51
and 342 198
xor 289 5
or 151 158
xor 54 4
and 64 45
xor 272 83
right 176 7
left 282 29
right 179 44
or 135 12
left 230 52
left 110 29
or 343 322
left 302 58
right 309 2
or 1 129
and 320 68
left 185 16
and 26 293
left 9 3
and 134 185
and 219 295
or 73 54
xor 323 9
right 230 31
xor 55 320
left 311 39
left 97 37
xor 296 31
and 8 150
left 79 47
xor 32 267
or 45 103
and 143 79
left 33 35
right 18 49
right 241 35
xor 296 62
right 244 43
right 11 10
right 206 38
or 240 4
xor 332 49
xor 131 302
xor 50 335
xor 51 116
right 25 26
and 56 70
and 201 77
and 30 88
left 119 27
xor 146 297
or 203 282
left 127 28
right 130 46
or 205 42
xor 172 67
left 104 34
or 98 197
xor 214 337
left 223 11
right 93 18
or 78 223
left 221 0
or 210 243
xor 60 211
xor 263 36
right 4 33
or 51 112
or 286 326
or 24 312
right 294 27
left 278 5
or 307 121
and 276 94
xor 235 154
xor 0 71
xor 289 185
xor 227 346
left 253 29
xor 33 73
left 269 5
or 178 61
left 73 24
and 81 170
and 95 169
right 211 33
left 236 27
right 164 58
right 205 48
and 98 261
xor 303 293
left 221 37
left 38 1
xor 87 153
xor 231 248
or 292 112
or 77 111
xor 157 276
right 126 23
xor 254 342
right 108 37
xor 330 282
left 139 60
and 79 171
xor 190 165
right 233 52
right 98 60
or 294 107
and 8 344
right 186 58
left 279 25
or 318 106
and 8 245
or 6 324
or 158 168
and 321 164
right 249 44
left 52 40
right 131 4
right 107 48
right 188 54
left 331 45
or 299 62
xor 114 68
xor 100 226
right 15 56
or 41 213
right 127 60
left 83 12
right 274 31
or 132 219
and 113 313
left 310 29
xor 58 142
or 240 5
xor 244 21
or 175 172
right 132 36
right 62 41
right 84 3
and 37 314
and 73 190
and 53 153
and 205 321
right 79 6
left 179 2
or 242 50
right 282 21
left 3 0
left 231 42
and 142 129
right 36 61
xor 242 19
and 130 225
left 159 34
xor 304 246
and 123 251
or 334 296
right 150 35
xor 112 183
or 19 89
left 240 20
xor 305 20
left 287 17
xor 243 73
and 177 30
or 333 264
right 192 17
xor 106 165
and 27 40
right 41 17
right 294 43
left 166 29
and 167 71
or 47 77
xor 340 254
and 186 3
or 283 195
or 92 301
and 201 91
left 257 32
and 164 189
and 197 8
and 13 176
and 89 223
and 239 216
or 182 165
right 42 32
left 26 7
xor 176 268
or 18 288
or 267 106
xor 341 66
right 89 43
or 255 168
xor 261 60
or 284 242
and 310 47
and 184 184
xor 232 13
left 24 58
and 296 171
and 64 165
and 297 254
xor 12 272
or 60 186
xor 87 233
xor 280 196
and 338 143
and 5 138
right 51 55
and 276 112
and 22 286
xor 182 236
xor 73 11
right 243 48
or 127 269
or 16 312
right 62 24
or 293 182
or 299 233
xor 100 162
xor 73 295
left 211 31
and 19 203
xor 100 100
or 131 337
left 158 3
or 34 178
and 164 234
right 86 39
right 170 14
right 130 2
and 30 97
or 166 227
and 313 327
right 295 61
and 72 32
and 52 67
or 318 341
xor 309 80
right 296 11
or 209 254
left 70 29
or 171 103
right 19 49
right 76 35
right 234 33
right 50 33
xor 265 207
right 21 17
left 73 35
left 286 56
left 276 35
left 126 5
left 203 42
and 23 174
xor 175 61
right 13 39
left 264 27
left 36 61
or 236 235
left 102 13
xor 333 213
right 155 11
right 190 17
and 168 92
and 147 30
xor 91 43
and 270 71
and 310 107
right 281 34
or 134 209
right 61 62
or 260 113
and 190 66
xor 109 234
or 202 145
and 9 236
right 39 28
or 99 232
xor 83 167
left 303 5
and 113 16
or 136 39
right 262 10
left 110 53
left 159 37
xor 239 76
right 126 37
xor 320 214
left 275 6
left 337 7
right 150 7
xor 32 139
and 265 54
or 327 274
right 276 40
and 134 89
or 227 215
right 6 3
right 255 61
xor 323 217
right 219 49
and 131 163
right 82 42
xor 136 171
right 54 45
or 38 345
left 99 50
or 164 342
and 317 13
right 293 42
and 285 319
and 280 103
xor 67 296
and 19 195
right 245 9
