100
0 530
1 530
2
0 444
0 523
1 523
0 931
1 444
0 192
0 838
0 98
1 192
2
1 838
0 351
0 265
0 660
0 536
1 931
0 814
1 814
1 536
2
0 562
0 8
2
1 8
1 562
1 351
0 178
1 265
0 681
0 546
1 546
0 780
2
0 441
2
1 98
1 780
1 681
0 407
1 441
1 178
1 660
0 786
0 253
2
0 33
1 474
2
1 253
0 184
1 184
1 33
0 527
0 112
0 726
1 786
2
1 194
2
0 579
1 405
1 579
0 472
0 257
0 637
0 634
2
1 726
0 937
0 70
0 492
0 698
0 206
2
0 138
1 112
1 527
1 215
0 312
0 869
2
0 827
0 141
2
2
0 320
0 367
0 400
0 890
0 783
0 58
0 924
1 141
0 239
0 211
0 807
2
