225
1 2189
1 6871
1 3459
0 1865
0 765
2
1 1865
1 765
1 811
1 8710
1 8010
1 7269
1 3059
0 3755
1 3755
0 6719
0 6326
0 4507
1 6326
1 4507
2
0 1613
2
1 6719
1 1613
1 4872
1 4980
1 8546
1 3337
0 1536
1 1536
0 1637
1 2678
0 4605
1 1637
1 4605
1 3837
0 8392
1 8392
1 9838
0 3586
0 1900
0 2643
1 3586
1 2643
0 6529
0 9601
1 1900
1 6529
0 5497
2
1 9601
0 1096
2
0 1034
0 8756
2
1 1096
0 2882
0 9764
1 5497
1 1034
1 2882
0 5593
2
0 9680
2
0 6172
1 6172
0 9507
0 5691
0 4708
0 9078
0 6762
0 9610
0 9782
1 9680
1 6044
0 5637
0 8323
1 9782
0 8762
0 4518
0 4621
0 4975
1 4975
1 4518
0 7267
0 356
1 9610
0 6504
0 6234
0 338
2
0 9613
0 8003
1 338
0 9427
1 9764
0 108
0 2900
1 108
1 6762
1 2894
0 5846
0 296
1 9507
1 5691
0 887
1 6504
0 9879
0 458
1 3358
1 6234
0 2759
0 3059
0 6846
0 1349
1 9427
1 6846
0 6782
2
1 5593
0 5684
1 7267
0 9193
0 6242
1 6242
1 9613
0 9234
1 9234
2
1 9193
2
0 7593
0 5221
0 8059
1 8003
0 8944
0 4215
2
1 296
0 2210
0 3667
0 7557
1 887
1 2759
1 2210
0 9601
1 5846
1 8762
2
1 8756
0 7553
1 1454
0 7114
0 265
0 9770
2
1 3667
2
1 5637
0 8324
1 4708
0 6771
2
0 8476
1 5221
1 356
1 5684
2
1 458
2
1 265
1 8324
0 8171
2
0 2181
1 7557
1 8171
0 6991
1 2900
2
0 9324
1 4344
2
0 7653
1 7653
1 7114
0 3500
2
1 6782
1 8059
1 4215
0 1637
1 6771
1 3059
1 2181
0 9690
0 4312
1 9770
0 1405
1 8476
0 722
1 1349
2
0 6433
0 3381
0 9935
2
1 9324
1 3381
2
1 9601
0 3958
1 1637
0 8334
1 7593
1 1405
1 722
1 9690
1 3500
0 3570
2
2
