338
0 53082
1 53082
0 81151
0 56464
0 88633
1 56464
2
1 88633
0 72283
0 55520
0 11064
1 11064
1 72283
2
2
0 88157
1 55520
1 81151
0 86167
0 98923
0 72662
0 67330
1 88157
0 83556
0 63287
0 87415
0 6141
0 97142
0 10189
1 86167
1 67330
0 28333
1 28333
0 95174
0 51621
1 95174
2
0 79565
2
0 73418
0 67603
2
0 81098
0 87415
1 72662
0 28159
2
1 10189
1 98923
0 73536
0 96850
1 96850
0 92454
0 74433
0 98858
1 67603
1 6141
1 92454
0 22790
0 57651
1 97142
0 72118
1 79565
2
1 73536
2
1 87415
0 5580
0 87407
1 87407
1 5580
0 59234
2
1 72118
1 28159
1 74433
1 81098
1 63287
0 90260
1 51621
0 26112
0 61187
0 71727
1 98858
0 8097
1 61187
0 87991
1 83556
0 98648
0 59596
1 22790
2
0 70560
0 42707
0 95287
1 90260
1 71727
1 95287
1 8097
2
0 83308
0 43847
2
0 563
1 59234
0 79596
2
0 48771
1 98648
1 88139
0 58310
1 563
0 77398
1 57651
1 79596
1 70560
0 79151
2
1 58310
1 87991
0 6502
0 76640
0 19570
1 6502
1 79151
1 48771
1 26112
2
1 76640
1 59596
0 30007
0 6878
1 30007
1 73418
1 42707
0 81811
0 78712
0 95167
0 59127
0 68028
1 6043
1 60259
0 87499
0 68201
0 94722
1 6878
0 99225
0 20654
0 80394
1 94722
1 95167
1 59127
2
0 38288
0 97768
0 35583
0 28235
1 81811
2
0 28860
1 38288
0 82720
1 80394
1 82720
1 77398
0 5704
1 5704
2
0 68376
0 37834
0 54672
2
0 72822
0 13915
0 86248
0 83343
0 47690
0 28579
1 54672
1 19570
1 99225
0 88065
2
1 93034
0 2109
1 20654
0 36185
2
0 38785
0 87887
1 2109
1 36185
0 46509
0 42266
0 91465
1 47690
2
1 35583
0 87137
0 20963
0 45916
1 46509
1 28579
0 74639
0 5429
0 80084
1 83343
0 64715
2
0 69609
0 20861
2
1 69609
1 64715
1 72822
0 54897
2
1 87499
1 28860
0 93446
0 30798
0 26634
1 20963
0 38334
2
1 54897
1 74639
0 70109
1 68201
1 43670
1 5429
0 48676
0 30977
2
0 51899
0 87597
0 2382
0 46448
0 40869
0 15511
1 88065
1 46448
1 37834
0 95770
1 40869
1 87597
1 45916
1 83308
0 73079
0 46020
0 50935
1 15511
0 27190
0 2131
0 74638
0 90031
0 50002
1 42266
2
0 13228
1 20861
0 56382
1 45814
2
1 70109
1 50935
0 52137
0 52221
2
0 22805
0 99355
1 43847
0 83360
0 36064
1 51899
0 3271
1 65437
1 46020
0 55096
0 37552
1 36064
0 6312
0 96565
0 47131
0 3435
1 78712
0 28271
0 78259
0 9127
0 61394
1 56382
1 37552
0 74392
2
0 52715
0 51340
1 47131
0 36070
0 19499
1 2382
0 86812
0 48570
1 19499
0 17580
1 97768
0 55184
0 65077
0 17555
0 14867
1 51340
0 9235
1 65077
1 80084
1 99355
2
1 61394
1 17555
1 3435
2
0 58743
0 74550
1 59798
0 14497
0 11646
0 8788
0 49540
0 40817
1 48676
1 3271
0 50630
1 50630
1 78259
0 44962
0 5843
0 95257
0 56614
0 74944
2
