445
0 53202
1 53202
0 1870
1 1870
1 83138
0 82393
0 27485
1 82393
1 27485
2
1 63259
0 62049
1 59002
0 48634
0 13013
2
0 88359
1 48634
0 47812
1 62049
0 48303
0 85344
0 5087
0 60355
1 47812
1 60355
1 48303
0 95127
0 63203
0 24844
0 44544
0 18365
1 51905
1 95127
1 5087
1 18365
1 24844
1 63203
0 91305
0 14665
0 51867
1 14665
0 43551
1 91305
1 43551
0 97326
1 13013
1 88359
0 73981
0 77246
0 90145
2
1 44544
2
1 77246
2
1 51867
1 85344
0 19113
1 73981
2
0 60547
0 55966
2
1 60547
1 1168
0 49872
0 27824
0 24320
0 6779
1 19113
1 27824
1 6779
1 49872
2
2
1 97326
0 69415
1 55966
2
0 63633
0 96459
0 53666
0 10383
0 19585
0 6950
0 64055
2
0 98257
1 24320
1 64055
1 6950
0 41847
2
0 39206
0 15187
0 70244
0 22218
0 45527
0 43891
2
0 3644
1 41847
1 43891
1 90145
0 21922
0 76234
1 98257
2
0 71520
2
0 41764
0 3830
0 39831
0 26314
0 33199
1 19585
1 21922
1 45527
0 93157
1 85743
1 15187
1 41764
1 71520
2
0 95539
0 20318
0 75303
1 69415
0 88096
0 80405
0 30845
0 68989
0 69391
1 42737
2
1 63633
2
0 46326
1 46326
1 93157
2
0 66320
0 54847
0 84049
1 75303
1 96459
2
1 39831
1 76234
0 1118
1 20318
0 60774
1 3644
2
0 92083
2
1 30845
1 1118
0 15476
0 69420
1 26314
1 10383
0 59887
2
2
0 5424
1 69420
1 95539
0 28557
0 18629
1 70244
0 26738
0 73097
1 88096
1 5424
0 6377
0 62558
1 59887
0 81633
1 69391
2
0 78433
1 73097
1 54847
1 33199
1 22218
0 78514
0 61793
1 78514
1 3830
0 44744
2
0 8933
0 32230
1 84049
0 81793
0 25721
1 18629
2
2
0 31563
0 92189
1 81793
1 6377
1 81633
0 97478
1 61793
0 15432
0 25528
1 57662
2
0 1465
1 68989
0 86845
2
0 57230
1 57230
1 26738
0 65028
1 78433
0 63093
1 31563
1 8933
0 65188
1 32230
1 60774
0 62474
0 68873
0 4818
0 51398
0 86810
0 83650
1 66320
0 84706
0 66525
0 12080
0 92795
0 21482
0 51642
2
1 51398
1 27891
0 58224
0 58368
0 67684
1 25528
1 39206
0 61884
1 21482
2
0 74632
0 66804
0 93473
1 92189
1 44744
0 90424
2
0 48792
0 69906
0 65497
0 73668
1 15432
0 75969
1 25721
0 93733
0 13679
1 93473
1 74632
1 65188
0 9094
0 49447
2
2
2
2
0 33437
1 13679
1 14809
1 45331
0 14827
0 57028
0 27257
1 68873
1 67684
0 11315
0 4789
0 562
1 58224
1 58368
2
1 92083
1 562
0 40562
1 18247
1 65497
0 68843
0 93053
1 48792
0 88266
0 9885
0 65037
1 84706
1 12080
1 66804
0 10464
0 23089
0 26869
1 86845
1 62474
0 3699
1 15476
1 9885
1 1465
2
0 33094
0 742
0 68826
0 52735
0 61072
1 93053
0 86475
1 26869
1 86475
0 27114
0 87979
0 43034
1 65037
1 4789
0 79419
0 70937
0 35577
1 93733
0 29938
1 23089
1 40562
0 29946
1 90424
1 97478
0 83977
1 10464
1 68826
1 29938
1 80405
2
0 94935
1 35577
1 65028
0 65425
1 63093
0 70570
0 17180
0 85287
0 33554
0 13398
0 49460
2
0 24897
2
1 94935
0 46427
2
1 4818
0 73365
1 83650
0 17209
1 28557
1 73365
0 84462
1 70570
1 68843
1 33437
0 82500
0 53874
1 85287
0 60231
1 24096
2
1 27114
2
0 89301
1 83977
0 31739
0 71680
1 60231
0 67879
0 16733
0 3368
0 37136
0 74367
2
0 23817
1 17209
0 41906
0 41974
1 86810
0 51007
0 61713
2
0 9979
0 51814
1 67879
0 27395
0 81617
1 11689
0 6709
1 41974
0 66552
0 69585
0 46263
1 65425
2
0 52662
2
0 10842
1 88266
1 51814
0 76491
0 32723
0 35786
0 86740
0 36618
0 43336
1 61884
0 96366
1 89301
1 53874
0 48721
0 62013
0 2031
1 9094
1 29946
2
1 62558
0 76987
0 56719
1 61713
0 52009
1 57028
1 87979
0 78432
0 34233
0 2464
0 24228
2
