500
2
1 51460
0 99752
1 99752
1 22662
1 75311
0 32211
1 32211
0 93971
2
0 5371
0 9312
1 93971
0 35331
0 62258
0 93116
0 52728
1 52728
1 35331
1 5371
0 78913
1 93116
1 9312
2
0 54327
1 78913
0 91555
1 62258
1 91555
0 60414
0 84143
2
1 54327
1 84143
0 51896
1 51896
0 57910
1 57910
0 78752
2
2
0 73311
1 60414
1 78752
0 69993
2
1 287
1 69993
1 73311
2
0 89015
2
2
1 89015
0 29597
0 53822
0 11831
2
0 9169
0 86861
0 90316
0 42093
0 13419
2
1 90316
0 56123
0 98875
0 46759
1 98875
1 9169
0 94270
1 42093
0 62376
0 78944
2
0 92076
0 2093
1 62376
0 87884
2
1 86861
1 94270
1 2093
1 29597
1 2758
2
1 13419
0 36386
1 46759
0 64045
1 85232
0 73266
0 47356
0 1341
1 53822
0 44124
0 71098
1 92076
1 44124
0 29935
0 30659
0 30040
2
1 29935
0 95669
1 87884
1 71098
0 74906
1 56123
0 68261
0 14253
1 36386
0 68821
0 27663
0 59794
0 96221
2
0 60617
0 80162
1 80162
0 36276
0 15533
0 32797
2
1 14253
1 48467
1 15533
1 64045
0 9466
0 96453
1 30040
0 87367
1 11831
0 92500
2
1 95669
1 96453
0 74927
1 60617
2
0 58554
1 47356
1 27663
0 71618
0 44495
1 719
0 47974
0 55561
0 29607
2
0 96207
1 87486
1 59794
1 36546
1 1341
0 858
0 56809
1 96207
1 36276
0 7954
0 86214
2
1 56809
1 58554
0 35582
1 68261
0 88490
1 83822
0 57206
1 7954
2
0 42905
1 55561
0 69359
0 34711
1 73266
1 9466
0 61125
0 21036
1 44495
0 86091
0 27578
1 83901
1 74927
0 29434
0 54851
2
0 30975
0 77324
0 55985
0 78049
0 92500
1 30975
0 96605
0 83366
1 71618
1 83366
1 96221
2
1 87367
1 35582
2
1 96605
1 34711
1 77324
1 7865
0 5310
0 12187
1 78049
1 74906
0 24729
0 12068
0 83999
0 5818
0 76006
0 53714
0 17296
0 21992
1 86214
1 24729
0 24153
1 89766
2
1 61125
1 7974
1 32797
1 76006
1 88490
0 29861
1 97447
2
0 86977
2
0 81817
0 43019
1 69359
0 84896
0 44523
0 54258
0 29954
1 47974
0 28688
1 86091
1 21992
1 53714
0 75413
0 12303
1 5818
1 83999
1 29607
0 50284
0 76507
0 78374
0 48225
0 79989
1 81817
1 36853
0 35169
2
1 30659
1 76507
1 78374
0 640
0 81266
1 74125
1 79989
1 81266
0 9189
0 87791
0 97159
1 78944
0 18565
0 40861
2
2
1 12187
0 95046
1 42905
0 46627
0 72124
0 68949
2
0 7390
0 79104
0 70782
1 70782
1 753
2
1 93770
1 55985
0 79996
0 91463
0 59104
0 66547
2
1 29861
1 92892
0 87124
0 78559
0 45861
0 72100
0 18685
1 79104
1 18685
2
1 72100
0 1459
1 75413
0 11876
0 47131
1 97159
0 87600
0 16349
0 63658
2
1 28688
1 21036
1 78559
1 84896
1 5310
1 95046
0 67891
0 8763
1 43019
1 35169
0 65663
1 59104
1 67891
0 80348
0 24263
0 5872
1 10041
1 5872
1 17296
0 43372
0 71471
0 35081
0 91838
0 39139
0 6323
1 24263
1 35081
0 22943
1 54851
0 30786
1 92500
1 57883
1 29434
0 53147
2
1 63658
1 44523
0 21096
0 49971
1 12068
0 27393
1 640
0 20612
0 26763
2
1 29954
0 14546
2
0 63175
1 39139
0 61779
1 40861
0 45150
0 39895
0 78076
0 79231
0 29809
1 27393
0 12775
0 39720
0 9930
1 79996
0 4213
0 26263
0 51275
0 39959
0 81733
0 85858
0 11456
1 87124
1 4213
0 75849
1 80348
1 91463
1 24153
0 22943
1 51275
0 15166
0 99115
0 25496
1 858
0 89205
0 31171
0 79339
1 63175
1 21096
0 504
0 61881
1 87791
0 81569
0 54297
1 99115
1 68821
0 20790
1 14546
1 6323
1 53147
0 65
0 51286
0 49039
2
0 2495
1 54297
0 17954
0 74290
0 7139
1 7139
0 76921
1 87600
1 11456
1 68949
0 62656
0 12354
1 81569
0 82087
0 30959
2
1 1459
1 504
0 52664
0 40795
0 241
1 74290
1 62656
0 51954
1 20790
0 91543
0 5347
0 52265
2
0 4201
0 58454
0 32374
1 57206
0 97581
0 62041
0 15749
1 39959
1 30786
0 68812
0 37529
1 81733
1 27578
0 61395
1 2495
0 32886
0 42774
1 18565
0 89608
1 54258
0 86318
1 49971
0 12612
0 41469
1 8159
0 57687
0 3425
1 51954
0 7027
1 91838
0 64577
1 61779
1 32374
0 30349
2
1 12612
1 41469
1 42991
1 42774
1 61881
0 70535
1 40795
1 30349
0 52934
1 52265
0 98694
0 85917
1 86318
0 52969
1 75849
0 13550
1 64577
1 52664
0 42274
2
