100
0 108
0 736
0 249
1 108
0 250
0 554
0 412
1 250
0 246
2
0 360
1 412
2
0 256
2
0 316
0 763
0 321
0 74
0 716
1 316
0 993
1 321
1 763
1 640
0 837
0 204
2
1 51
0 496
1 360
0 44
0 599
0 385
0 891
1 44
0 176
1 249
1 74
1 891
0 522
0 278
1 278
1 993
0 853
2
0 238
0 36
1 522
0 880
1 385
0 57
1 246
1 57
0 175
1 176
1 175
0 817
0 356
1 554
1 256
1 880
0 180
0 539
0 634
1 599
1 36
0 485
2
0 448
0 205
1 736
1 204
0 804
1 804
1 238
0 533
0 685
0 522
1 448
0 583
1 205
1 533
1 496
1 522
0 292
1 180
1 485
1 716
0 832
0 263
0 143
1 583
0 43
0 780
1 634
0 429
0 870
2
2
