420
5 6 6 2 7 10 1 7 7 3 8 9 8 8 8 8 9 3 8 5 4 6 8 9 3 3 10 8 10 5 5 1 4 7 5 2 6 1 6 7 4 2 1 9 4 8 4 1 4 5 6 1 8 9 1 2 6 3 7 3 10 8 3 1 7 4 3 1 6 7 1 2 3 3 2 5 5 5 10 3 10 5 6 2 8 7 8 7 5 6 8 2 3 2 7 6 4 7 3 4 6 1 8 5 5 5 5 9 10 1 4 8 9 7 8 10 10 10 9 10 5 3 5 8 6 5 7 3 8 4 10 9 2 5 1 1 3 9 8 4 8 2 8 2 5 4 6 3 10 6 5 10 5 8 5 8 6 3 8 8 6 8 10 8 6 1 1 2 5 7 4 9 8 1 7 3 7 5 9 7 3 9 6 9 7 5 3 2 7 1 5 3 10 4 5 2 5 6 5 5 7 10 4 2 3 2 4 1 4 2 4 4 6 5 2 7 9 7 3 10 2 3 4 1 3 6 2 4 8 5 9 2 7 4 8 10 10 7 5 6 4 9 9 9 5 7 5 10 8 4 9 3 3 2 5 5 2 8 2 10 1 6 1 7 2 5 5 9 10 3 10 9 5 6 9 2 8 3 1 6 7 7 1 8 2 7 3 9 6 5 5 6 9 9 10 5 7 10 9 7 3 1 8 10 4 8 1 2 8 4 6 9 4 9 6 5 2 10 3 3 2 4 9 9 5 9 3 3 1 4 8 1 9 7 6 2 9 2 3 8 4 1 3 8 7 1 5 6 6 3 1 4 3 3 5 4 9 5 8 9 8 2 7 8 5 4 6 1 9 4 3 6 8 2 8 5 5 2 4 9 4 7 7 10 7 2 1 7 9 3 1 1 8 9 1 7 5 3 7 1 1 5 5 6 2 7 10 3 9 9 4 5 10 3 2 10 7 4 10 4 
328
2 64 360
2 172 393
1 4 2235
3 319 333
2 100 155
1 2235 1668
2 310 381
0 213 58
3 103 194
1 3 2120
3 328 405
2 130 135
0 47 64
2 41 136
2 183 220
3 312 412
2 6 26
0 198 407
3 235 278
2 151 269
1 1 1711
3 66 85
2 0 179
0 371 276
0 77 397
3 67 131
1 7 5846
0 80 162
3 17 380
1 1668 1495
3 38 347
2 154 335
3 16 51
1 9 6462
3 349 414
2 51 228
2 111 329
1 5846 476
0 382 188
2 275 404
0 110 137
1 6462 4154
0 155 107
2 40 322
0 124 107
3 12 260
2 230 320
3 185 278
3 254 297
1 4154 3540
1 476 2857
3 78 105
2 237 314
1 2 5621
2 181 369
3 324 418
0 105 133
1 2857 7224
1 6 4385
0 110 31
3 110 202
3 63 65
0 317 352
2 77 221
2 18 91
3 133 338
3 85 341
2 259 395
3 168 378
3 14 47
3 203 357
0 106 209
0 4 373
2 237 295
1 10 3061
1 4385 4836
3 321 339
1 7224 4813
1 4813 5291
2 295 364
2 158 202
2 360 417
0 385 284
0 178 272
1 5 178
1 5621 9658
2 94 413
1 9658 7429
3 151 397
0 280 145
1 2120 2493
3 43 131
3 86 242
2 185 349
2 261 318
0 246 278
3 19 211
0 171 156
0 391 20
3 37 155
0 128 183
3 2 91
2 94 299
1 5291 2887
0 125 255
1 4836 571
1 1495 2228
3 154 368
1 7429 7502
2 134 185
2 315 375
1 1711 2318
3 173 247
1 3540 241
1 178 3773
2 31 368
0 208 247
0 382 121
3 51 411
3 284 372
1 2228 3581
0 347 355
3 183 401
1 2493 1755
1 8 9188
0 385 283
0 92 95
0 211 329
1 241 5206
0 198 23
2 26 250
0 117 401
3 176 199
2 90 335
2 34 229
2 47 171
3 136 296
0 264 149
0 148 71
3 161 392
1 3581 9672
0 217 170
2 55 400
3 234 264
1 2887 265
0 33 298
3 233 391
1 9188 1374
0 250 249
0 401 195
3 77 350
1 265 2862
0 204 282
1 1755 7365
1 7502 3452
2 184 208
1 7365 9790
3 288 345
3 178 319
1 3061 8999
2 51 77
3 106 368
2 225 277
2 291 292
2 221 358
2 5 198
2 210 223
2 302 404
3 31 290
1 2318 9378
2 98 217
1 3452 9256
0 270 203
1 3773 6737
3 46 155
2 297 409
1 9790 2726
1 9672 2508
2 273 387
0 194 140
0 142 278
2 157 276
0 217 249
2 17 63
3 8 126
3 330 393
2 250 313
1 8999 8663
1 6737 6026
2 181 232
1 9256 8738
0 275 221
0 176 194
1 1374 6349
2 368 371
0 8 4
2 136 276
0 157 347
2 171 204
2 46 406
2 40 286
3 171 300
0 269 146
2 193 340
2 4 266
3 310 313
3 373 413
2 12 371
3 96 319
2 69 408
2 105 190
3 175 239
2 239 307
3 391 403
2 334 376
2 45 393
1 9378 912
2 122 355
3 29 158
2 58 74
3 41 125
1 6349 713
1 8663 9207
0 342 186
0 122 228
2 98 293
1 2862 6939
3 58 324
3 278 359
1 2726 4356
2 142 305
1 6026 9412
1 571 7625
1 2508 9423
2 188 395
2 73 265
3 325 419
1 8738 327
2 17 143
0 85 374
3 225 229
2 77 205
0 269 77
3 27 350
0 33 6
1 912 1534
3 209 287
2 86 416
3 61 220
2 23 62
3 84 407
2 53 289
1 4356 4357
3 29 94
0 90 63
2 116 417
1 327 1480
3 132 179
0 199 8
3 44 126
1 6939 7819
3 27 257
3 220 412
0 366 261
0 58 293
1 7819 1700
2 3 67
1 9412 7558
3 7 415
3 201 214
2 190 363
0 1 33
1 5206 1936
0 72 273
3 156 250
0 403 325
3 238 349
2 145 269
1 7558 3119
2 11 400
1 4357 9034
0 225 198
2 176 395
1 3119 5109
1 9423 2884
2 13 14
0 269 337
1 1936 6568
1 1480 7724
2 282 384
1 1534 9038
3 83 137
3 327 389
0 332 398
0 242 321
3 118 314
3 55 286
2 197 246
2 341 393
1 713 7393
1 5109 5421
1 9038 1246
1 7393 5628
1 2884 3767
1 5628 9951
2 70 392
0 98 3
1 1246 384
3 295 319
1 1700 38
0 293 197
1 9034 412
3 180 199
2 174 358
1 3767 7609
2 137 257
0 253 0
1 9207 4480
0 269 16
2 198 370
2 250 343
0 46 101
3 129 355
3 9 349
2 60 232
3 309 339
2 337 419
1 38 5785
