243
7 1 10 10 9 6 10 5 2 1 5 9 8 7 7 10 10 4 4 5 2 7 3 2 3 5 3 7 1 5 3 6 2 2 4 3 1 2 5 1 8 10 5 10 8 3 1 10 8 4 4 2 8 1 6 6 7 9 2 5 4 3 10 9 9 10 5 3 7 6 7 2 3 10 1 1 5 7 6 7 6 6 6 9 3 1 9 9 8 7 9 2 6 9 10 5 10 8 6 5 9 10 2 8 1 7 4 6 7 4 4 4 2 9 4 6 10 2 2 8 3 9 1 10 3 2 9 4 7 9 10 6 5 2 8 9 7 7 2 6 6 1 2 8 7 3 7 10 8 4 4 9 6 8 5 5 7 2 3 3 5 5 3 4 7 7 7 6 1 2 7 1 3 7 7 6 8 10 9 9 4 5 2 10 1 9 7 1 8 10 4 10 9 7 3 1 2 10 2 4 10 7 9 9 3 5 7 9 5 6 6 5 7 10 8 8 9 10 6 3 8 10 2 4 7 7 9 7 5 5 3 7 3 2 6 7 10 4 10 7 10 5 3 
289
0 95 180
3 62 182
3 37 181
2 233 237
1 10 5296
1 8 7197
0 36 221
1 3 2058
3 97 228
1 7 7840
3 33 158
1 1 4123
1 7840 2440
0 133 52
2 46 120
1 4123 886
3 73 103
3 28 115
1 2440 2349
0 25 136
2 78 204
2 7 153
3 87 156
2 195 203
1 6 4537
0 194 73
3 109 187
3 9 37
3 124 233
3 1 58
0 76 142
3 98 224
2 12 216
3 26 53
1 9 171
2 36 183
0 235 12
1 886 1210
0 133 55
2 155 233
1 2058 7638
3 27 168
0 123 98
2 18 67
0 191 54
1 7638 4196
1 5 8924
0 18 62
1 7197 2358
2 20 237
3 156 188
1 2349 1833
2 89 227
3 4 138
1 4 8132
0 237 198
1 1833 5943
0 187 83
0 64 85
0 180 27
3 91 146
1 8924 8085
3 5 62
2 59 137
2 42 81
3 125 237
1 1210 8608
3 136 231
0 168 158
3 10 82
1 2358 948
2 103 222
2 88 231
2 211 212
1 171 1354
1 5943 438
2 68 128
2 111 191
1 1354 8991
1 8991 9361
1 4196 2893
0 105 110
2 126 173
3 42 50
0 236 18
3 101 120
3 128 239
1 8608 2719
1 438 8196
0 109 156
3 135 147
0 207 169
1 2719 5882
3 136 210
0 199 207
3 69 146
0 30 90
1 8196 1845
2 11 133
0 153 168
1 4537 3628
3 21 67
3 29 95
2 108 184
3 219 241
2 148 238
1 3628 3546
0 51 202
3 203 242
3 194 195
1 3546 1907
3 118 145
3 19 179
1 8085 5358
3 108 195
2 47 146
2 45 218
1 2 617
2 141 211
1 1907 3478
1 5358 8662
2 78 236
2 48 126
3 76 220
2 213 231
1 948 1318
3 27 149
1 5296 8671
0 160 218
3 60 191
0 206 87
2 81 174
2 4 44
1 8671 1841
0 60 155
1 8132 4661
0 154 176
3 43 242
0 63 167
0 108 205
2 106 142
1 617 9168
2 27 61
3 72 173
2 46 204
1 1318 7127
1 9361 9113
1 3478 3991
1 5882 7828
1 7127 8800
1 9113 2193
1 1845 6222
1 1841 8983
0 238 141
0 123 146
0 171 101
2 76 103
0 202 148
1 3991 4214
1 9168 1496
1 2193 1061
3 11 201
0 95 32
1 8983 2294
1 7828 9302
1 9302 5272
2 122 220
0 61 185
1 6222 7165
1 2294 4767
3 45 165
0 75 48
1 7165 4696
2 33 107
2 34 187
1 8800 2017
0 97 61
0 123 133
0 127 171
0 37 62
1 4661 3953
3 26 111
0 182 202
1 4214 5694
1 2893 3999
0 192 206
1 4767 1097
3 65 123
1 4696 8981
2 6 205
1 1061 797
2 147 231
1 3999 9838
3 12 183
1 2017 5183
3 23 77
0 41 11
3 72 120
1 797 9698
3 112 123
1 9838 5152
0 39 165
1 8981 8156
1 1496 2225
2 24 148
3 15 212
0 190 103
0 233 219
3 13 116
3 92 234
1 8156 6630
1 5183 6816
1 6816 914
3 1 9
3 53 225
0 54 4
0 157 241
1 5152 1109
2 101 130
1 8662 7602
2 50 172
0 72 10
3 155 227
1 9698 9811
2 10 111
2 77 165
3 29 92
3 35 43
0 120 60
3 83 219
3 92 232
1 5694 7336
1 5272 1854
1 2225 4801
2 73 209
2 122 229
2 77 144
1 3953 6993
1 1109 8506
1 4801 5625
0 241 103
0 167 114
3 94 234
1 6630 8406
3 3 15
1 9811 8332
3 65 86
3 114 115
3 75 215
3 127 168
2 20 105
2 182 187
3 22 227
3 133 167
0 34 177
2 135 223
1 7602 7140
0 101 119
3 4 45
3 86 195
1 7336 9127
1 6993 3901
2 201 206
2 180 220
1 8506 3102
2 19 136
3 111 223
1 3102 4977
0 207 165
2 87 111
3 170 201
3 158 164
3 141 211
1 5625 6004
2 49 202
3 84 86
1 8406 1773
2 9 242
3 226 235
1 1097 7679
2 17 147
2 28 178
1 7679 8374
1 8374 7811
2 134 144
1 1773 5404
3 59 127
3 164 167
1 5404 9041
