286
5421 4568 8366 5752 9369 616 1466 3347 5543 8417 1191 6808 2286 4062 1219 6246 8796 5416 6102 4246 73 9000 6582 6380 7770 7292 9909 4283 2295 588 8542 8183 7615 6637 7921 4671 7146 7109 8570 5338 6208 3664 9672 8864 4504 5891 2109 6029 9475 5135 8930 9586 8618 5241 9373 3133 5908 9303 9925 8410 3821 5165 7029 7658 5620 5800 8767 5826 4788 1963 6115 9895 5814 1545 1264 3481 2132 7762 218 8285 4192 513 5917 9664 2550 5445 8817 8760 3696 6767 3150 9741 8153 3611 882 4568 4100 4563 1585 2603 2030 3088 3644 1042 2177 4034 2693 3752 4074 9458 9921 5309 4877 5654 175 2710 5367 5621 2313 4789 5365 2411 9593 9835 6035 9119 5950 3403 7783 4164 5310 5313 592 125 878 8883 3177 1844 8320 9703 146 3116 236 1013 1825 1701 4770 9422 1476 2433 6366 4365 746 4933 8589 9949 4659 1 7184 6427 4230 4580 5439 6733 5874 1225 3872 4067 598 1655 6920 8285 7684 5992 4816 7086 5395 5767 6555 9119 37 9360 7656 8407 2505 4531 7731 5497 3202 7993 6945 4751 6599 58 2956 1030 2492 7966 7163 7785 3520 7186 9365 6146 7705 3230 4727 8527 6013 8165 8949 3586 3890 540 7502 1147 3369 5678 99 1593 4518 6111 7768 31 883 816 2636 7604 9814 4274 1622 7310 1088 5359 4785 6863 439 9557 5673 880 5238 1780 8086 1533 7859 2459 1864 7362 7202 510 868 7509 8984 3562 8527 1699 3139 5804 279 4479 2584 1967 1066 7688 8044 132 561 939 5335 4823 3533 5769 9158 4399 6662 8603 3216 3958 4112 5138 5164 6506 2398 2211 2353 3604 
332
2 7 66
2 24 131
1 878 5646
0 239 269
3 87 250
1 9586 2595
0 272 1
0 61 140
2 92 137
3 167 198
2 237 238
0 68 258
1 1 6580
1 2595 3297
3 39 156
0 205 120
1 8570 7275
0 193 52
2 157 209
2 88 243
3 183 196
3 43 183
2 41 205
1 4770 1250
0 115 7
0 124 220
0 147 77
3 161 197
0 261 87
1 2295 7331
3 46 269
2 205 267
3 32 235
0 205 125
0 176 188
1 9909 545
3 68 188
1 4727 2835
3 181 223
3 176 232
1 4074 7678
0 269 244
2 68 202
1 9664 8519
2 67 158
0 233 159
1 588 9665
0 279 224
1 6555 5784
2 1 135
2 136 163
0 25 43
2 83 154
0 152 219
2 18 81
3 63 187
0 158 184
3 64 252
0 232 6
0 231 201
3 11 46
0 160 277
1 6246 5303
0 231 243
0 205 65
0 232 269
3 216 230
3 156 218
2 51 251
2 72 229
2 36 164
2 97 140
1 5238 5023
1 5800 6599
0 62 128
0 85 198
0 261 54
0 91 268
1 9741 6160
2 13 264
3 218 269
1 8883 1027
3 35 151
3 140 175
2 189 227
2 169 209
2 96 112
1 7604 2916
2 17 70
3 78 266
2 78 119
0 120 15
2 89 146
1 132 1154
0 4 233
0 262 256
3 50 129
0 253 263
3 17 43
1 279 3501
3 143 197
3 83 217
1 3586 2659
1 7656 8783
2 189 271
0 271 20
1 7678 2514
3 32 209
2 41 126
3 231 251
2 157 190
1 1701 9742
1 1219 2008
1 9895 2770
0 239 167
3 110 246
1 5950 7485
1 9949 9576
1 3664 3626
2 9 245
0 32 163
1 8783 2582
0 172 238
3 54 239
1 1027 6171
0 173 100
1 7502 8279
1 7331 89
1 7292 2858
2 5 214
0 39 189
1 236 930
1 1264 7152
1 5620 5202
3 193 231
0 88 56
0 269 77
0 71 25
1 2177 5212
0 141 162
0 281 59
1 2770 7685
1 9593 6101
3 128 204
2 110 188
3 92 251
2 69 141
0 284 130
2 88 104
3 75 82
0 134 265
0 2 212
0 57 37
3 30 72
3 34 191
1 8410 17
0 208 46
1 2916 9733
0 32 76
0 183 126
3 143 178
2 36 104
1 9925 5253
1 4933 9142
2 41 95
3 123 152
1 5769 5986
2 170 185
3 51 231
2 138 268
3 112 154
0 226 142
2 50 90
0 76 17
1 7485 3770
2 111 156
2 68 219
2 32 161
0 209 123
2 18 189
1 8527 5511
2 13 130
3 190 243
1 3626 7154
0 189 139
0 132 27
2 133 219
1 5497 3832
3 164 220
1 7362 3157
0 126 21
2 2 238
3 94 274
2 76 241
3 103 152
2 45 109
1 4751 4678
1 9365 2410
2 81 235
0 59 224
3 129 160
0 128 167
3 93 274
3 25 181
0 85 32
2 89 270
3 140 179
3 26 275
1 3347 1616
2 2 28
3 89 90
0 161 33
2 22 79
1 5023 3915
1 8817 8740
2 192 273
2 16 132
0 23 208
2 179 190
0 129 264
2 16 282
3 133 180
1 3116 4406
0 71 225
3 94 141
0 131 283
1 9703 8055
3 168 245
2 65 278
3 218 233
3 179 211
2 90 280
0 105 11
1 9557 4653
2 90 112
1 3562 574
2 54 208
2 69 229
2 96 139
1 4479 8219
3 54 253
0 121 170
3 175 178
3 180 231
0 175 166
1 6366 5881
2 19 182
3 10 160
0 180 194
0 199 207
2 3 159
3 180 255
1 1191 2550
0 131 174
1 5253 5029
2 31 223
2 218 274
0 2 119
2 61 238
2 19 164
2 108 133
0 11 227
2 34 162
2 272 276
1 746 4563
3 48 268
2 111 257
1 5646 7594
3 171 193
1 2858 9761
2 46 176
2 92 274
2 60 143
3 75 124
0 209 249
3 161 203
2 49 235
2 33 137
0 132 83
0 206 88
0 165 15
0 12 228
2 87 177
2 68 100
2 16 196
2 1 238
2 88 124
3 121 227
1 4671 4181
0 15 217
0 177 110
3 126 274
2 198 267
2 161 179
0 210 96
0 93 54
1 5416 7890
3 29 50
0 72 247
2 85 138
3 18 97
3 26 162
0 68 88
3 184 263
0 47 104
1 9672 2930
1 3832 1875
1 868 7527
1 6101 2871
2 70 167
1 4246 4508
0 123 165
2 16 246
0 70 104
2 13 225
2 140 158
2 135 179
2 214 216
2 50 149
0 220 192
2 64 130
1 3133 2011
2 70 175
0 31 175
1 5338 7195
2 50 254
2 82 271
0 109 55
2 150 231
1 7275 2423
0 33 164
1 8984 6995
