260
7297 4211 4299 4744 213 226 9764 7216 4001 6111 9285 2482 7246 1507 3078 566 4864 3699 6811 3196 8283 319 975 5290 9704 7678 3213 3159 1431 3694 7648 8904 7383 1254 9950 3976 6517 6543 4768 6750 3138 1539 6790 8745 2760 756 777 2863 5533 816 1232 5303 6713 8627 8295 5155 3685 5517 5421 579 9828 2470 8844 1077 5174 3536 991 9265 7355 4540 9519 9925 6997 1391 8638 9756 2401 4214 9288 2852 600 3575 6695 383 256 122 4934 3818 1016 9609 3351 3549 2341 4900 2777 8419 1174 6039 7892 8011 3182 1040 40 9181 5379 4459 7717 3345 9171 2769 4763 3036 119 4465 8390 2124 2650 4557 9826 2663 203 2632 2693 8735 8865 2254 6589 2152 4990 4293 5031 1885 1016 1491 5410 7616 8260 7312 4212 3313 4323 2541 2571 7201 4322 2053 4342 1878 5885 1379 8357 8193 9924 5044 6430 7071 320 9966 6642 9694 1943 7137 1311 8529 590 1038 87 676 4719 9829 6673 4963 8444 3811 62 5321 5314 5451 9871 3573 2977 4196 7893 4802 7963 6148 8682 8230 3115 5932 2974 8043 920 3956 9540 4317 970 4519 1582 3395 4013 2435 9253 6801 2067 6554 1038 4189 2607 7084 1433 1569 735 3545 2252 6464 9513 5793 8096 7852 5754 9438 379 6552 2058 7445 4286 7130 6708 937 14 6995 2805 1632 6168 7137 595 4906 209 8485 7584 7151 8317 1729 4223 9657 8929 580 9942 8834 4458 8617 6692 2238 95 5228 6293 3612 1252 815 
421
2 24 236
0 131 49
2 61 204
3 76 207
1 6995 4337
1 2053 4156
3 80 109
2 26 236
1 7137 7044
0 251 1
3 141 211
0 189 75
0 220 79
2 107 246
0 119 79
3 47 194
1 4013 2981
0 93 75
2 86 182
1 2693 6573
2 28 164
0 170 171
0 257 232
2 170 172
1 1569 6996
2 6 17
0 82 74
3 66 155
2 189 201
3 39 133
0 172 90
3 119 152
2 45 62
0 163 117
0 118 19
3 15 17
1 4458 4741
1 8444 1801
0 97 204
3 79 112
3 38 53
0 247 211
2 125 187
0 176 69
0 241 226
0 172 134
3 56 137
0 73 94
3 177 259
2 150 162
1 4540 4060
1 5932 2657
0 38 258
3 33 122
2 20 83
0 24 14
1 3345 140
2 166 245
3 19 228
0 204 29
2 5 49
0 19 13
3 78 236
3 38 175
3 57 109
1 4557 649
1 1391 1986
0 103 221
3 61 100
1 9181 7780
0 2 164
0 248 236
2 160 250
3 60 194
2 53 209
1 9657 5125
2 16 217
1 7383 6412
3 0 155
2 40 233
2 89 162
0 233 19
3 9 164
0 57 226
3 81 244
1 3078 869
1 7044 6723
1 3036 5979
1 2777 1376
1 1491 11
2 72 131
0 204 28
1 8844 6677
2 135 144
2 97 259
0 98 78
3 19 62
2 38 176
2 19 172
0 132 247
1 9288 9105
0 139 21
2 11 195
3 197 223
1 122 905
0 151 62
3 40 246
0 162 142
0 99 59
2 194 235
0 245 21
0 207 125
0 69 105
2 3 160
0 242 98
3 23 161
0 107 22
3 50 65
0 188 67
0 47 152
0 43 176
2 93 243
3 39 166
1 8627 6473
3 164 179
1 8929 1196
2 173 197
2 125 202
0 237 228
0 113 254
2 161 186
1 7201 1549
1 9253 5674
2 6 200
3 1 200
0 93 26
3 136 164
3 151 211
2 140 195
1 1582 130
1 2152 5973
1 5321 4528
1 2974 415
0 155 226
3 32 198
1 991 67
2 51 230
3 169 185
1 1986 6769
0 5 48
1 5517 5444
2 131 238
0 191 129
2 41 188
2 2 30
3 124 212
0 171 165
1 6713 7643
3 127 164
1 3351 3127
0 258 259
2 53 97
2 37 109
1 905 1800
2 69 139
3 72 195
2 154 237
1 7084 4500
2 195 220
1 9265 106
3 148 168
3 132 175
1 1433 378
1 320 4824
3 49 139
0 108 162
1 5174 8547
0 214 211
2 133 156
1 7678 8607
3 75 216
0 170 124
1 4719 4808
0 48 64
0 235 243
0 216 4
3 53 108
0 204 29
1 6517 7944
3 59 97
0 168 24
0 218 36
1 4528 8454
0 56 255
2 63 170
0 76 184
0 147 90
0 22 15
0 175 174
1 2607 5066
1 1801 1971
1 8617 8756
1 4223 4567
0 111 128
3 7 86
2 10 187
1 9756 7461
1 6790 3290
0 45 122
3 8 218
3 83 242
0 167 178
3 49 141
3 71 229
3 29 82
3 38 242
0 207 46
0 45 144
1 40 5174
2 81 106
0 91 225
2 72 200
1 130 2114
0 34 242
1 4990 4146
2 174 180
1 8295 591
0 131 19
3 87 246
0 75 211
0 73 33
3 233 234
0 189 87
3 4 14
1 5228 7988
2 77 228
1 5044 3923
1 2657 8283
0 207 117
2 131 167
2 41 95
3 87 112
2 114 140
3 67 117
3 67 224
2 114 219
0 151 135
2 87 89
0 182 209
2 55 253
0 159 31
3 110 187
2 178 223
2 102 140
3 28 227
1 8745 2956
3 28 127
1 7944 389
3 1 20
3 41 58
3 30 182
0 142 109
3 160 207
0 212 18
3 15 226
0 203 198
2 18 177
2 96 150
2 218 249
1 4741 4647
3 190 216
1 815 4914
2 15 154
3 182 229
2 79 258
1 8682 9740
0 206 40
0 13 165
3 136 141
0 200 257
0 22 232
3 59 194
1 9950 5521
1 1878 3909
0 82 90
0 188 196
2 19 90
3 12 64
3 161 223
0 160 174
1 3811 1456
3 62 245
0 78 186
3 7 241
1 2852 1549
0 202 92
2 81 188
2 95 132
1 5533 1715
0 250 77
2 38 125
2 78 189
3 117 140
0 124 119
0 113 234
3 183 246
1 4214 4537
3 154 251
3 194 206
2 78 85
1 777 892
0 237 11
0 173 225
2 125 143
0 179 174
0 232 53
0 40 63
3 97 138
1 6723 6235
2 120 189
1 3612 8278
3 43 167
3 167 198
2 0 222
2 123 152
1 7717 7728
1 5421 2913
3 207 239
1 213 4621
0 98 145
1 6430 341
0 148 201
1 5793 9654
1 1943 105
0 46 137
0 197 251
0 197 164
0 107 13
3 122 178
1 1252 31
3 242 246
3 190 199
1 9764 4947
3 110 149
0 80 177
3 105 256
0 254 107
2 9 251
0 241 18
3 40 157
1 5885 681
2 92 151
0 4 64
3 114 247
0 34 161
1 8043 9690
1 9826 6272
2 224 247
0 105 40
0 216 28
1 9694 6857
3 64 165
3 80 89
2 13 126
0 12 75
1 7988 3968
1 4808 1795
1 6235 2964
2 142 209
0 214 236
1 5379 2684
3 37 147
3 67 68
3 215 250
0 84 212
1 7963 2672
1 62 7860
3 68 251
2 212 254
2 124 230
3 30 88
1 2435 9023
2 11 22
2 128 166
3 85 206
3 75 114
1 9438 1641
3 20 80
1 203 8101
3 59 128
1 3575 5723
0 149 178
0 107 196
1 3213 6516
3 101 124
1 3127 1669
1 5290 6658
2 125 143
2 28 80
3 50 108
2 130 216
1 6769 2606
3 234 257
0 111 155
1 8735 1371
2 10 51
2 55 165
2 76 256
1 3818 4989
1 2632 6241
1 8011 1583
3 114 176
1 3685 5090
0 123 92
2 53 212
3 22 151
3 169 257
3 20 160
2 57 247
2 193 239
2 207 212
