12
6144 8030 9762 7041 7477 1734 2122 3204 5489 539 1022 1635 
496
3 6 8
0 6 6
2 6 9
3 4 5
0 9 1
3 2 6
1 7041 9624
2 3 9
1 2122 1190
3 2 9
2 0 5
2 4 9
3 2 6
1 9624 3704
3 7 9
3 1 7
2 3 6
1 1022 423
3 5 7
3 0 7
1 7477 1712
2 1 6
1 8030 3555
3 4 11
0 6 1
2 0 5
1 3704 1997
3 4 10
0 7 1
0 10 1
2 5 7
3 4 5
0 2 1
3 5 11
0 8 0
0 5 2
2 0 11
3 5 9
2 4 10
3 1 9
0 1 7
2 3 11
0 8 5
0 3 11
0 8 5
0 8 1
0 6 1
2 1 4
0 0 3
2 0 3
2 1 11
1 1635 2709
2 2 4
3 4 11
1 1190 1282
0 1 6
0 5 2
1 3555 1037
3 2 4
1 3204 9650
3 0 2
0 10 4
0 10 6
2 3 10
0 0 6
2 3 10
0 9 2
0 8 11
2 0 5
2 7 10
3 2 7
1 1037 27
1 423 181
1 539 5754
2 8 11
1 6144 7071
1 27 9922
3 2 6
3 4 11
0 7 9
2 2 10
0 6 6
1 1712 4
1 1997 6511
0 5 1
3 4 6
2 0 10
1 5489 2621
0 8 7
1 2621 5401
3 1 4
0 11 2
2 6 11
2 4 11
3 0 4
0 2 7
1 9650 5582
0 11 9
1 4 5195
3 0 10
0 11 5
0 9 3
2 1 9
2 5 8
3 3 7
0 1 5
3 7 9
1 181 7472
1 9762 961
0 3 10
2 10 11
0 5 2
0 8 2
2 1 4
0 4 0
1 5195 414
3 7 11
0 6 0
2 3 6
0 0 11
2 2 4
0 4 9
0 9 4
0 5 9
0 0 0
0 9 0
0 5 5
1 5754 7569
0 7 0
1 414 1617
0 1 6
0 0 0
2 6 9
0 2 4
0 2 1
3 1 10
1 2709 5595
0 4 10
1 7472 5232
2 5 9
0 9 4
1 961 3001
2 8 11
0 6 7
0 8 2
3 2 3
2 2 5
2 3 9
0 11 7
1 5595 7682
2 9 11
2 2 7
1 3001 8515
3 2 5
1 5401 1485
0 4 5
1 5232 1684
2 3 9
2 2 4
2 1 4
0 5 11
2 1 11
0 3 11
1 1617 7853
0 11 6
0 3 6
1 9922 2001
2 1 5
2 1 11
2 2 4
0 7 1
3 2 6
1 1684 8518
1 1734 704
3 0 1
0 9 0
1 6511 6673
2 0 6
3 1 8
0 1 11
2 2 9
3 0 2
3 5 7
0 9 10
3 1 2
0 1 5
1 7682 8211
3 1 3
1 8211 8496
0 3 7
1 704 7033
0 10 10
3 6 11
1 1485 9617
0 8 2
0 1 7
0 9 6
0 4 7
1 7033 1583
0 3 0
3 1 2
3 1 5
1 1282 1784
2 0 8
2 1 3
1 8518 9616
1 5582 7130
1 1583 5958
2 3 7
3 1 5
3 10 11
2 5 10
1 8496 6095
0 4 1
0 8 0
0 1 11
2 0 8
1 8515 6977
1 9617 424
0 3 7
0 4 9
0 6 1
0 10 8
2 4 9
3 3 5
0 10 0
2 5 7
1 5958 1248
2 0 10
1 2001 3465
0 8 3
2 5 7
1 6977 7087
2 3 7
0 2 7
0 2 6
2 3 8
1 7853 6457
3 2 9
2 9 11
2 9 10
1 7130 2324
1 7087 840
2 1 10
3 3 4
3 7 11
2 2 10
0 4 5
2 0 1
0 9 3
1 3465 1570
1 6095 3098
1 7071 8880
2 5 8
1 1784 9117
3 9 11
0 11 11
3 6 7
2 7 9
2 2 3
2 7 10
1 8880 6962
1 1248 4258
3 3 6
3 2 11
3 6 7
3 4 11
1 2324 7743
0 4 1
2 1 2
2 3 5
0 2 4
3 9 10
0 4 10
0 7 2
2 4 5
0 6 6
2 4 6
0 2 10
3 2 3
3 3 6
0 9 5
2 1 4
0 1 8
3 3 7
2 6 9
3 5 10
2 1 5
2 7 8
0 3 8
2 0 11
1 7743 2299
2 5 9
3 2 10
0 6 0
3 4 8
2 0 8
2 1 4
0 4 0
3 3 9
2 5 9
3 3 8
0 1 1
3 2 11
3 7 10
0 4 10
2 5 6
2 0 5
3 2 4
3 2 5
3 4 8
0 2 0
1 2299 1643
2 2 10
0 8 3
3 1 11
2 5 6
3 1 5
3 7 11
1 424 8910
0 3 6
1 7569 3495
1 6673 7027
0 10 4
3 1 4
3 6 9
1 1643 3368
0 10 4
2 3 9
1 6962 9675
0 11 3
2 2 4
0 1 10
2 0 2
1 4258 3552
1 9616 7395
0 8 5
2 1 6
2 5 6
0 6 4
1 840 3209
0 9 8
0 7 11
1 1570 3336
3 1 11
1 3495 3639
1 7027 825
3 3 9
0 11 6
3 6 11
0 4 8
1 3209 7611
1 3336 6471
1 3368 2157
1 6471 254
0 9 7
2 4 5
2 9 10
1 6457 6354
2 4 8
0 5 3
1 7395 1802
2 3 7
2 5 9
1 9675 4472
0 10 10
3 2 3
1 254 4581
1 7611 9031
1 9031 4116
2 3 6
3 8 9
1 4581 2593
0 3 7
3 8 11
3 6 9
3 4 9
0 7 6
2 0 7
1 4116 3353
0 6 6
2 6 9
2 2 9
1 2157 8989
1 3552 2682
3 10 11
2 8 11
0 11 2
2 3 5
0 1 2
0 2 4
0 9 0
2 2 3
2 2 5
2 6 11
3 1 9
0 7 0
3 2 11
2 1 8
0 1 8
2 0 2
1 6354 6740
2 8 9
1 6740 5959
1 825 9967
3 9 10
3 0 10
2 0 11
1 5959 269
0 10 8
2 3 5
2 2 6
2 2 6
3 1 10
3 4 7
1 2593 1190
3 1 8
2 4 7
2 4 5
1 1802 5717
0 7 0
1 5717 9631
1 9117 7986
2 10 11
1 9631 9337
1 269 8194
0 8 9
2 2 8
3 2 5
0 5 2
0 4 9
2 3 5
3 0 10
1 3353 45
2 4 10
2 6 7
1 9967 4754
2 3 11
2 4 11
3 6 7
0 4 4
1 8910 7503
2 4 8
3 0 10
1 3098 5923
2 2 9
2 1 5
0 7 6
2 5 9
0 0 4
1 5923 6648
1 2682 7475
0 11 5
3 2 8
0 4 4
0 3 6
0 7 11
0 5 4
3 0 11
0 5 8
0 5 0
0 5 5
1 3639 5755
1 4754 1366
2 7 9
2 7 9
3 7 11
3 2 3
1 45 6908
3 1 10
2 3 5
3 0 10
2 4 10
2 0 10
0 8 9
1 8989 6187
2 3 5
3 0 7
0 5 7
3 2 4
3 3 9
2 3 6
2 0 8
1 7503 852
2 5 6
1 1190 8290
3 9 10
2 1 5
2 4 8
0 10 11
1 8194 1307
0 9 3
3 9 11
2 5 6
2 6 8
1 852 5863
