377
5781 6571 2765 4763 9056 1138 8474 8229 1902 2086 3814 7919 819 1898 2831 9999 5841 472 526 5805 5870 8302 5286 2026 1832 6019 6287 2434 886 9248 9587 1093 8368 5181 3160 7346 3906 2793 5664 2533 77 9263 3821 1491 8990 2181 3497 4323 1763 2902 5669 1056 2427 5075 9616 6796 1246 3253 6490 3239 3885 6087 5322 4929 7131 3889 2301 2108 812 6967 8608 7941 7692 2180 1200 1492 3940 721 2719 5313 680 6923 5562 730 949 2132 1353 1811 1465 7304 9622 7901 7395 7922 946 4458 7821 7024 5396 1616 3030 3781 5139 220 3941 2525 2918 744 9227 8246 8650 6704 649 8702 4356 1634 9650 2391 2696 4197 8226 2546 2442 8795 9711 827 898 1161 1422 8129 7237 3078 9897 3417 6289 3394 2176 5667 5529 1178 5118 4477 5410 489 5581 6390 1325 1377 8988 8838 1815 4874 5264 8109 2365 5706 9673 9241 51 7542 3079 7195 8807 5575 1292 9964 130 5281 2675 3420 9007 432 3490 3036 6927 9684 6316 4589 8091 3278 5498 2824 8380 5787 4939 1263 856 5825 3897 435 4781 2664 7631 3432 5139 1131 408 9270 5165 6415 5416 9586 145 5251 4001 7612 7560 3864 8927 7114 8632 5298 9029 8533 800 9904 6540 2338 2803 8217 7848 7283 2968 8312 1310 5263 4689 3641 8211 1088 6940 9428 4535 7179 855 2554 5154 1958 3175 8093 877 6997 7578 7269 7204 213 3450 5680 4586 1500 5445 2122 4766 7184 3996 2829 2812 328 2729 4410 1751 6928 9733 2441 3862 129 3704 8365 7693 8192 1138 5692 6558 949 1913 9198 3727 480 516 8132 9453 7511 8376 1419 1201 1442 449 5584 7762 7179 7955 6614 1388 4976 3793 9061 1391 2651 3614 4422 1211 1268 322 2077 7290 436 8207 2966 2846 9246 6612 6067 9518 8970 9074 7396 9787 8657 1950 1432 5943 4656 3110 3604 792 7942 6408 4994 4810 9872 5087 8795 3075 6200 2798 9847 6858 601 9218 628 2122 4791 7860 1014 1780 7532 7372 446 5395 3029 4092 4558 6836 2511 4364 3372 5877 1372 2529 1429 1501 3370 516 2500 2269 3606 448 931 437 1341 8988 8881 2426 995 4650 8292 5703 
225
2 75 134
0 82 90
1 4410 2480
2 8 349
0 31 294
1 7269 2949
1 1419 6933
1 9056 5668
1 1492 6292
2 36 104
1 9847 2690
3 42 105
0 85 51
2 195 354
0 231 311
0 250 216
1 9586 6868
3 91 97
2 331 340
3 202 374
3 173 231
0 4 246
3 184 325
3 223 293
3 337 360
1 898 8751
0 172 212
1 3450 9866
0 181 358
2 138 169
1 1634 9482
0 108 224
3 219 226
2 22 78
1 446 3616
2 43 361
0 337 78
3 215 248
2 247 311
1 6415 1763
1 9007 6262
1 8292 7174
1 4810 5507
3 206 320
1 2338 9872
3 155 248
0 59 314
3 19 272
3 13 200
2 190 361
0 252 251
0 198 313
1 7024 578
2 45 225
2 221 354
1 7511 6328
3 321 353
1 3036 8214
1 7131 5723
1 1088 2827
1 8795 4362
1 4356 8253
2 49 336
0 107 63
1 3862 4965
0 276 255
3 217 267
3 214 321
0 247 135
2 162 374
1 9029 2323
1 628 6592
3 202 237
3 125 197
0 286 206
2 87 262
3 213 327
2 101 298
3 341 344
2 239 338
2 51 146
1 4763 3370
0 300 86
2 18 283
1 3370 8216
3 195 226
2 275 319
3 8 212
2 180 301
3 108 327
1 5298 5585
0 3 7
3 64 213
2 205 376
2 124 249
1 526 2755
3 83 149
2 9 122
2 304 310
3 135 252
1 4976 3724
3 2 348
0 337 232
2 126 222
1 4323 2645
0 223 249
2 237 248
0 360 109
3 123 140
1 3614 952
3 138 331
2 99 285
0 44 153
2 250 370
2 353 373
3 276 298
1 856 2563
2 142 370
1 8216 1336
3 60 262
1 5664 486
3 160 270
0 293 310
0 339 241
1 2949 7450
3 224 225
3 5 45
3 80 361
0 295 118
1 1093 3336
1 3336 9412
1 8246 438
0 334 235
3 14 91
3 92 235
3 32 355
3 14 34
3 250 358
1 2480 7111
3 38 145
2 115 316
0 12 10
3 75 247
0 97 323
2 18 137
2 118 230
3 71 367
0 89 319
3 200 334
1 5264 2354
2 269 327
0 320 248
2 162 191
2 93 128
0 89 341
0 273 228
2 144 207
3 1 234
0 193 235
0 362 339
0 304 46
0 357 322
3 60 304
2 268 354
3 27 327
2 31 91
0 82 133
1 8312 1446
1 2765 870
3 15 259
0 370 278
2 213 265
3 63 364
3 263 358
3 246 279
1 5584 3401
1 2846 9728
2 105 354
0 34 7
3 81 324
2 61 108
2 84 148
0 341 375
2 181 343
2 18 29
2 284 316
1 9428 105
1 7762 7091
1 5118 1497
3 194 298
0 164 228
0 17 13
0 330 329
3 89 215
0 91 372
2 232 343
2 94 352
3 122 361
2 120 334
1 1377 2123
2 49 294
1 792 6853
0 80 167
2 246 342
2 159 345
2 232 332
3 265 290
3 3 239
1 5781 6806
1 4965 9596
2 146 358
1 7848 3129
0 157 264
1 1465 1328
0 14 115
2 209 219
2 280 319
0 234 22
2 24 195
2 184 376
2 26 371
3 160 180
1 8368 9802
1 2441 1980
2 227 258
