493
1825 2876 7804 2152 4129 3514 4012 639 1615 694 2231 693 3400 3751 2468 5522 6824 2598 6181 3263 512 949 3530 671 7462 3006 1809 2258 7212 2409 3826 3384 6869 7442 8651 1187 2181 4491 3063 4352 2745 3309 868 3544 5464 3957 1508 2609 3112 285 7124 1946 5971 4664 4572 1623 7227 5890 3255 8602 4108 4327 5716 6275 8673 243 4795 9865 5322 6010 292 3929 2764 9817 3380 8734 5834 3708 41 7283 6130 3153 4697 373 7771 333 662 859 174 5582 3077 7882 1394 9793 5566 7140 5452 2053 9334 2626 5655 5488 3964 6162 7793 8352 1857 962 4774 5492 2187 4301 9792 9356 940 8917 9135 6478 5502 995 38 5675 3154 5419 678 7713 1018 1251 2351 2866 2179 9621 292 7013 2150 3330 2574 732 737 5098 6932 2933 9106 3914 474 3493 4708 901 1063 1682 5997 3974 3643 1743 487 100 1345 5358 5678 4903 4209 4657 9433 1803 5193 9201 6124 1506 9853 755 2349 655 1965 9720 5158 5696 8710 6612 2746 4283 6172 7361 555 5533 8582 5812 9964 2062 554 5600 2963 2649 26 3082 1249 5835 1327 3501 1428 3322 3766 1439 3069 6248 2840 9603 6206 1943 4734 1744 9686 8895 4852 531 3552 4127 1070 6352 6056 9472 2617 8607 6720 64 5731 3013 1203 5790 5741 5263 9576 1361 8143 9478 1000 8973 5837 4704 2387 4280 169 1139 9744 1978 8042 1040 9172 7540 9787 3821 8357 1747 5782 2915 2303 9285 6947 1306 6918 2075 6027 8833 3582 7535 978 3554 2760 2264 7781 7205 9805 7051 1872 3492 5023 948 9987 1568 2030 6278 4806 5122 7113 175 2682 9892 9334 5168 6226 1265 9444 811 5858 5225 5198 9245 2726 1562 1155 2495 1575 4892 3300 1159 8090 3947 9981 5092 1017 395 1015 171 1430 6375 9389 2379 3724 970 638 9128 7512 2642 2179 9989 3913 7217 450 451 2468 5078 8578 2378 5131 1147 9215 8533 6767 9632 6960 1107 3699 5865 8215 1771 3587 148 2905 7232 2629 5949 6079 837 2750 4405 3644 2243 488 1488 5792 3368 4515 429 2541 7570 7978 6652 2632 6588 2775 4124 7889 7561 7753 4690 5526 191 7669 8224 7733 9941 6427 4693 5953 992 9739 274 4711 7610 888 2013 7490 1237 107 393 2907 1134 1883 7686 7365 9301 7915 213 8120 5964 9604 878 8044 5567 4229 4373 6297 355 2696 9899 7596 4081 1512 9345 4140 3540 3728 5602 2238 5553 9109 1425 198 8008 230 8897 1503 8904 8146 7140 7053 9703 7291 6806 2368 6290 6282 6042 8908 4033 9556 9861 4311 2847 8027 3770 3043 9353 936 7430 6541 1605 9383 1966 4516 7765 1411 2229 9102 8652 1892 6129 4743 9568 2167 4912 1068 1776 5469 2664 999 104 8437 8476 3675 1059 7870 1078 419 7312 7752 9969 4566 5705 7419 2438 1086 2927 9899 
253
1 3913 5594
1 3400 6367
3 73 419
1 5533 1429
0 140 146
0 224 194
3 16 208
0 241 290
2 397 430
0 43 61
1 2495 3800
1 8146 9963
1 373 8510
1 6932 455
3 263 290
0 279 421
1 6960 6011
1 9215 7281
2 135 200
1 6172 2280
1 8027 3370
1 6824 2567
0 328 381
1 1743 5618
1 878 4642
3 146 460
3 319 334
0 74 252
3 379 483
3 36 444
3 70 212
2 126 221
2 68 120
2 82 469
1 8437 5176
0 434 85
0 485 18
2 3 122
1 1249 7880
2 373 437
2 134 317
0 302 348
1 3800 5384
3 99 380
2 5 444
3 191 374
2 97 267
3 155 221
0 177 242
2 16 248
3 31 121
0 418 203
2 120 200
0 66 350
0 284 191
3 33 487
2 55 204
2 299 433
1 5193 187
1 1134 546
0 26 52
1 1605 3107
3 157 403
2 376 432
1 1078 7636
1 3370 6371
2 303 457
0 252 436
0 110 244
1 8143 7008
1 4127 4591
0 66 181
2 196 252
0 256 412
2 321 478
1 7882 7935
1 171 9941
0 117 190
1 1139 4947
1 2468 5654
1 274 7322
1 2682 1559
2 241 470
0 178 252
0 391 30
0 145 11
2 312 402
2 106 205
3 270 345
1 7227 9299
3 113 242
1 9603 2419
0 94 214
2 157 282
3 10 106
0 256 179
1 8908 1642
2 137 392
2 86 391
2 121 477
1 3077 3109
1 8044 3098
2 58 225
2 278 491
2 90 492
0 110 60
0 82 410
1 3384 9193
3 225 375
3 209 304
0 78 461
1 5678 6217
3 172 292
1 38 2383
1 5198 4235
1 2726 3455
2 233 382
1 1411 4183
1 3043 4058
1 174 6351
3 262 410
0 112 37
2 4 222
1 3322 8029
2 210 320
2 330 362
3 291 433
0 348 267
3 45 174
0 189 236
2 68 488
1 1872 1392
3 49 86
1 1682 5468
2 114 300
0 226 453
1 7793 7750
3 226 492
2 64 136
2 174 360
0 316 21
1 3263 8533
3 113 266
3 252 260
3 160 325
0 426 464
3 285 466
0 7 2
1 5654 758
3 444 477
3 202 342
1 488 6742
3 176 438
2 206 416
3 271 368
3 259 267
3 133 196
1 6129 8841
3 114 431
2 143 279
2 152 213
0 209 342
0 97 250
1 4405 103
1 3929 1780
2 149 158
0 243 492
3 318 415
0 258 194
3 145 350
2 55 401
1 1615 8008
3 225 378
3 258 473
2 63 227
0 31 437
0 437 306
0 29 309
0 71 343
0 79 365
1 7442 2759
1 213 1791
3 182 260
1 5122 4821
2 97 142
1 393 9704
0 26 441
1 9109 480
2 258 426
2 67 396
3 169 456
3 381 481
3 166 270
2 298 366
2 3 479
3 236 407
3 159 450
0 302 167
3 87 290
2 107 489
2 84 428
2 111 307
3 184 231
0 347 353
0 332 194
2 160 344
1 4301 2299
3 264 337
3 57 360
2 152 306
0 417 304
2 241 457
0 231 84
1 639 3893
1 2379 338
1 2567 7313
1 6541 9804
3 135 272
3 56 233
3 47 492
0 264 350
2 264 472
3 37 231
2 62 302
2 157 212
2 60 234
2 315 386
2 13 172
3 155 463
3 231 478
1 6806 9802
1 5618 299
3 19 382
1 8357 5689
1 1508 4723
2 242 443
0 109 455
1 1780 4519
0 263 146
0 354 165
3 28 313
2 384 435
3 137 276
0 54 396
1 9793 9190
1 4183 8741
1 8582 1852
2 126 318
0 87 419
1 487 91
2 170 447
0 315 360
0 169 401
