167
5914 8024 1960 220 5816 4253 2733 7727 1332 8085 5365 2113 3526 2439 388 1968 1188 9637 985 4771 2722 7228 443 1379 3181 1450 1811 1160 3162 160 2795 6306 5290 9177 8293 4041 386 5738 1295 615 2408 8201 3461 2756 3216 2035 3352 2450 6232 136 1918 1338 4960 762 3849 6310 1167 2791 4844 1793 1249 8834 1244 1548 9637 4857 1027 1027 3895 1714 9675 9247 2345 6840 4521 8925 311 853 1559 2751 8379 8399 8327 3473 9406 5848 8517 2286 2593 5777 7485 2116 6427 2847 460 294 6675 1793 7547 5521 8736 5968 1321 9777 4719 3159 6488 7748 2693 54 7580 8447 6949 2514 4143 976 1012 7519 2632 9108 1788 80 3372 9402 1678 7598 742 6455 1163 9432 3860 8315 9653 1386 4690 2884 7377 113 1467 33 6752 3741 1132 9018 3838 6056 8523 8399 2618 3750 5992 6638 1815 3629 8612 6297 643 360 4623 4006 1062 1015 1206 2185 2045 5496 2621 
353
2 31 56
3 60 138
2 5 103
1 1027 2021
1 5496 9926
3 6 62
3 60 110
1 311 721
0 143 0
0 160 42
2 102 128
3 80 105
1 9177 1423
1 5777 4460
1 9637 6221
0 17 162
1 853 208
3 95 96
2 31 132
0 17 66
0 119 129
0 44 54
1 8379 5501
3 143 145
1 1012 2495
0 63 52
2 51 159
3 23 61
2 30 45
1 2693 7529
3 80 151
2 79 134
1 4857 1715
1 5848 3561
1 5914 9811
1 1332 9855
0 125 72
2 122 134
1 762 1144
0 9 41
0 54 19
1 443 2767
0 56 47
0 76 50
3 77 87
3 14 152
1 7485 1387
2 22 30
2 92 99
2 106 130
2 92 137
0 97 136
0 77 36
3 17 127
3 83 105
0 64 164
1 3895 4250
0 44 128
1 1960 3961
3 89 164
2 61 115
0 98 68
1 6221 5983
2 11 109
1 2021 4423
3 8 152
1 1338 3301
3 25 99
0 120 31
0 93 18
0 19 76
2 96 166
1 2450 6508
0 93 162
3 27 88
0 82 67
3 19 150
1 9777 4031
3 20 138
1 2621 7523
2 1 41
3 62 137
2 4 139
2 55 151
0 110 99
2 67 128
0 24 37
1 3162 624
1 360 9392
0 15 11
1 1715 9246
0 123 33
1 9653 4530
1 742 7765
0 116 73
2 11 59
3 12 88
1 7529 9317
2 66 76
0 86 68
0 7 101
1 1062 6781
1 9108 189
3 18 35
1 1548 1172
1 6427 5977
3 149 154
3 41 125
2 15 91
0 6 99
2 134 140
0 22 137
0 99 110
0 32 141
1 2733 1068
0 153 5
0 119 25
0 121 124
3 27 166
1 9926 475
0 93 27
3 11 56
3 131 135
2 17 79
2 19 83
0 120 131
0 65 2
3 22 160
3 37 158
3 50 131
2 55 74
0 58 148
2 12 137
2 81 98
1 2185 3710
3 74 135
2 3 94
0 21 24
0 74 112
0 62 109
0 147 159
0 37 15
1 4041 4487
1 1144 3522
0 122 69
2 27 107
0 164 84
1 7377 583
2 127 164
1 8024 2141
1 2495 2047
3 1 146
0 122 63
1 9402 2649
2 91 129
3 92 127
3 75 120
0 43 15
0 89 153
1 475 214
2 37 129
2 75 100
1 3159 476
1 8201 5533
2 29 85
2 21 67
3 14 135
2 97 139
2 4 67
1 2047 7190
3 18 143
2 82 144
1 1249 5982
2 43 163
1 1678 1311
2 56 113
3 73 81
3 43 66
2 25 74
3 117 122
0 36 20
2 36 94
2 25 112
0 41 165
0 119 55
1 1450 3638
3 77 138
1 5533 5490
2 80 104
1 3461 774
1 1206 8634
0 24 75
2 14 123
1 1068 3335
0 133 108
2 50 145
2 79 162
1 2795 424
0 17 74
0 27 44
3 130 143
1 1311 5635
0 42 101
2 68 98
1 1188 8846
0 149 157
1 1918 4477
0 97 22
3 73 160
2 14 44
0 26 103
0 51 159
0 128 151
2 75 85
1 5968 6987
0 102 153
3 14 31
3 30 74
1 6297 9190
1 2618 7766
1 5816 9425
3 44 66
3 10 38
3 67 77
1 6232 7440
0 165 78
3 57 144
2 11 128
3 42 129
3 62 143
0 5 33
0 23 53
0 8 15
3 88 150
2 10 21
0 10 29
0 125 148
0 91 55
2 119 165
3 10 98
2 10 15
0 31 55
1 4719 9394
1 9675 2609
1 7748 2595
1 160 2967
3 39 100
3 92 129
3 6 62
3 43 113
1 6987 221
3 60 103
3 3 56
3 31 146
1 33 254
3 163 165
1 2514 4388
0 124 84
1 3301 8523
2 63 127
1 5290 7987
1 9406 6214
2 22 163
3 72 146
1 4388 9190
0 30 57
2 15 47
0 77 108
3 4 126
2 2 138
0 133 69
3 15 33
2 2 55
3 39 158
2 29 129
2 67 70
3 18 45
3 1 3
3 20 148
1 2609 6492
3 23 67
1 6214 6751
3 17 115
3 108 125
0 16 47
0 53 95
0 115 156
0 157 39
0 119 60
0 159 27
3 4 84
2 69 134
0 133 64
2 47 157
2 9 90
2 21 92
2 33 66
3 82 133
3 27 74
2 24 112
0 156 39
1 7440 8085
2 16 49
3 27 134
1 9190 3474
2 81 138
2 12 47
3 144 160
1 8399 6499
1 9855 8920
2 34 138
1 254 2719
3 46 74
2 99 138
2 47 152
0 28 66
3 8 61
3 12 140
3 121 165
2 19 122
1 1793 5688
0 1 19
0 142 165
2 93 139
1 386 1066
3 31 35
1 8315 7385
2 69 74
2 76 99
0 147 133
2 15 97
1 1968 1566
0 164 19
1 3849 3009
0 60 145
1 7580 3934
2 1 107
1 1066 487
3 78 117
0 37 7
1 3522 9481
2 127 160
3 152 161
0 128 60
3 135 164
2 32 128
3 16 99
3 8 160
2 112 114
2 5 43
3 44 157
1 6499 2137
3 95 106
