20 50
-49 43 7
44 -91 17
-93 9 51
-93 -47 59
3 76 56
6 -88 2
-77 33 18
-79 77 40
19 51 7
34 37 25
91 -74 53
-80 -47 44
-88 51 35
-71 10 37
-23 72 47
-68 8 9
11 -53 36
76 64 1
34 -63 53
-18 -27 20
18 7
13 11
9 4
17 14
1 16
11 15
13 16
15 14
3 8
16 13
11 5
5 13
4 6
14 1
3 8
14 10
6 1
8 0
12 18
13 11
4 0
5 15
19 5
11 2
0 13
15 13
5 14
15 2
12 15
1 10
3 12
6 16
0 14
0 2
11 8
9 12
9 7
6 10
1 8
15 9
13 18
6 14
3 16
7 2
15 4
6 17
15 9
19 18
6 19
6 0
