50 50
-19.2869689434 76.8543603698 2.49943021262
72.3314344065 76.9408462759 53.6248099856
31.7521689644 36.9028225537 0.24389956702
40.0211957498 -18.7518022574 53.7310215123
33.8808062181 27.0395320768 47.1907843748
28.3607547397 -19.0008860195 41.9424874949
-56.8170711424 -35.3177488829 25.7550501035
-87.9855544091 81.2820525526 28.235442236
-49.7976335756 80.8802376591 21.6325610951
92.7315505944 60.3448528909 41.5049841696
-91.8676430206 -26.6645214673 27.0823187866
71.7493794809 -7.24290997673 28.026474706
69.6880027395 -88.1044051241 24.037055477
-7.74214378688 -40.9538194009 38.9965984375
-36.5551418958 -39.8581311688 27.8417043962
-61.6051094169 98.6766410495 1.66716985062
67.2727730914 32.5065182639 34.9629701536
-38.8452822545 29.9045921278 6.57248626734
91.6565990554 77.8490236 9.3843848719
69.7633772719 -65.7138098564 12.0018203297
-37.7114971965 53.4984527518 38.0389522314
71.2891607098 2.67757912325 30.9118529783
81.5712772517 37.3863972149 51.7875677139
-69.4168635367 57.4947667017 44.1934708637
-85.2811393155 52.4879886465 34.9778541688
38.5442669195 99.567133336 22.5122583934
43.420771468 -70.2549491829 49.6946670759
-50.9814799117 68.6867250047 57.8501669425
-12.363516689 -88.9872815154 55.9553890947
-76.8777942069 -87.9924827057 49.4234384925
-76.3667432207 6.07670206179 37.0382558829
33.7927809087 -12.6743310016 32.6603793698
12.9461734771 76.0703066223 48.8575979731
-19.6563572654 90.0701450971 28.7000515008
91.670695843 9.15278867853 15.9140287061
-26.7268881819 63.0869035417 46.4102208748
50.2693752231 -7.72134477082 9.50660566772
34.6581750741 -42.9526427346 24.0653957536
17.7804650471 -73.7147897337 51.7291774692
88.2960216815 35.7819153966 56.023202066
80.0029762405 -32.3528747025 43.0131132281
43.698872058 27.3182931816 33.3076581237
-35.0940298418 -40.2433416551 43.1030401103
66.8418664351 80.477994115 33.4554424445
45.5412686313 19.1449451373 55.8708094593
97.4225214049 -77.6351985757 43.3541182088
-33.5898104086 -2.62319411699 44.7792651575
86.7457937828 -24.021409685 55.7738783425
21.9329934516 -84.7585020095 8.32950883728
20.7439565468 -5.48129134661 58.0035175959
0 20
41 9
49 0
31 48
30 16
26 11
18 6
26 45
32 31
2 7
22 48
43 38
20 15
16 29
5 39
18 12
22 14
6 19
27 29
43 22
18 41
37 18
28 41
13 4
36 6
43 48
47 25
42 23
31 1
26 13
45 43
23 0
10 12
36 45
7 22
47 2
2 18
37 32
0 9
24 16
49 29
40 24
35 24
28 27
2 39
35 9
14 16
41 47
35 39
11 44
