50 50
12.2621613764 -79.7867574517 27.7929069296
-22.593936863 59.4088185985 11.0043246192
-54.6303661518 -13.5846044509 12.3959019902
-30.5939928035 -72.0441358491 9.9786697341
10.9839360859 0.552614678342 45.633955621
12.8823834224 -32.1616672648 57.1870467328
68.2079712567 -25.997522289 9.53726718057
62.1273039039 -36.7048918772 47.5676300869
61.5622804595 -59.2078703737 13.2735979754
-17.0821166886 12.7538383557 55.0606485591
-31.9895907364 54.0815191109 31.0694791543
-55.3100485781 76.7758792874 36.7997941311
-64.9379396128 11.8191223052 13.8753149565
46.7673049791 95.6880728114 6.42760138065
-88.2609437589 17.0622584624 34.5705104358
5.40203010224 -11.9425075613 59.4413591865
-65.106348552 2.86879762055 57.996435441
-92.7763756153 43.3932646747 26.5240054147
81.5639617685 33.9673114743 31.2422871312
-65.3724204289 75.0169460238 20.1912989797
80.6232238873 23.2074193351 27.4290181493
-52.46878765 -52.4250961361 7.93074204425
-5.06794524459 -30.6516902648 41.2907163822
-21.9685317242 -84.7639655574 15.0472712512
75.6861750087 -14.9700020719 2.14752549272
-39.5925443017 53.6440650349 43.6831299436
75.4793976697 58.369013487 8.50849720489
29.9198504415 -90.965047952 15.1083360707
28.4062652348 22.2169496977 49.2772736906
-73.0660863377 -3.56166356258 32.1483533462
-20.7536329697 67.6890508553 30.1073243309
-90.1244050571 -23.5196470592 27.4451753111
63.7436933566 -59.6180313688 46.7778946694
48.2996110211 43.8236156292 50.6610425364
-67.4373864317 -47.8564192177 55.0257319122
-43.5968949087 -31.8968343963 8.35921098631
97.9498324245 -0.0641019331643 38.2891930086
46.2054684734 -20.1433995326 16.6422944228
-29.3537014175 80.3720636341 29.3310684843
-42.9190816944 58.0620280928 55.6628582537
53.2760418457 90.0166993313 51.3269074228
-20.6761797567 -32.8331518982 46.1297403904
80.237751575 12.8119435757 40.7226200567
-14.1461896018 52.0736236051 36.881995415
89.4581842697 46.3766448051 58.3685147884
-68.2559499484 92.1198434349 36.877242409
11.41746316 61.440590943 48.4236184118
5.76568544851 -85.9020464779 58.751120519
-28.4523683818 75.3439441959 29.0806285809
95.6377687838 -70.1291596321 51.417273504
42 7
0 22
16 36
45 49
43 0
47 34
11 9
29 25
4 8
41 5
40 15
39 16
16 11
12 41
34 41
29 32
37 7
17 46
42 43
8 15
40 24
3 42
35 22
29 34
12 17
41 29
30 40
10 7
41 12
15 40
16 8
25 41
1 19
6 4
13 40
24 36
16 26
14 2
28 8
30 16
42 31
36 35
43 29
43 4
10 28
23 5
32 36
18 15
16 22
11 27
