50 50
-35.1161172196 -7.19935386197 13.4008933504
-11.1575383074 88.4316869035 50.5498411586
-44.0989275545 20.4633967067 51.6957743624
-60.9710445092 7.9586793974 47.2860394564
18.1279890237 89.2481217247 34.7305519374
-42.5662107124 -81.0647785517 44.157125045
46.0443785175 83.1583549115 41.6699035762
-70.2001522095 62.8372641438 49.9909060888
-18.1409693465 -70.8693202086 41.2951495733
-25.3356863409 51.820644406 43.9384150315
79.5719297834 -73.3017556305 42.6278073386
20.0437771553 1.5528237513 28.4620284863
70.2227708871 90.9934146701 50.7199852559
-76.425806938 74.5580940721 57.0408129693
-15.2486190891 23.9631327617 13.795937241
-89.4215445323 -81.7555695904 23.682494157
41.9634214335 91.9360869308 7.66525897669
-50.9903824112 16.7605064116 1.25675658598
-36.6656914337 73.9558370193 50.7331374902
-98.9991131883 87.6272487127 52.049998421
-29.4801817671 -20.906183936 17.5006961353
-88.7402254997 8.93602396026 42.6777120261
78.9444187384 -2.75494340444 32.778926309
-95.3589341993 -35.04107198 18.7953559534
29.8782359265 68.3992230869 13.3158399944
35.8037923165 85.6892479132 51.4047406856
-40.9305040719 -26.8690588968 45.0767211759
81.51926966 -38.6106432568 33.1438945591
-52.1086764428 -93.3922884133 6.19995000636
-65.4547312085 -53.0841852429 40.1088578331
-30.3471086801 -69.5901532864 11.6326832011
-88.6011962085 -83.7622764635 18.3021572826
16.2822238804 -61.0034360502 15.9031727983
9.26651677335 75.1321493785 0.995938536001
-75.7921049824 82.3536706177 24.0792212148
-11.3157319191 17.5148594481 57.9812001093
-43.6228664282 21.7809432984 11.9606288493
-11.6416839648 47.6368615455 48.0577168774
50.5446707825 82.9448480026 55.1521180923
71.4380967587 -98.6407583015 3.72556197651
-3.06464971477 -4.67741591305 31.0362428148
-32.0650409716 47.8904505097 43.9381586758
-30.3755136002 26.0129033129 58.5890246103
45.3825306003 40.3412962203 56.0289043323
-31.2489864671 -53.1065276505 57.7620609599
63.9905684962 90.5691117003 39.3891681886
-85.9364662559 64.2211638488 41.6471784894
-44.4980383836 -88.912972182 52.8793057541
64.7510494417 69.3590144775 25.0368817156
92.1677492841 1.75513559408 37.6510376116
17 13
4 29
12 40
6 8
4 37
22 1
43 21
47 12
26 24
45 35
35 30
30 41
24 13
29 49
43 15
28 46
22 19
12 48
22 28
43 8
1 35
9 8
41 23
12 0
2 4
13 44
13 34
40 17
15 30
4 42
37 6
34 3
44 21
29 14
49 6
10 4
22 49
45 3
0 5
48 46
11 20
33 37
4 5
37 45
6 14
1 31
18 1
39 17
29 41
16 33
