500 800
23.3863107131 -14.8236727385 56.4059844236
51.1521498978 4.58737159093 35.3384101728
-91.74943575 -42.0469229479 57.5514893998
-41.7280819817 -14.3391208483 36.0544974651
-1.60417956054 -96.4501095538 55.4528381876
-53.6954211461 88.0449857083 16.2845661114
43.5742666223 74.1199525469 59.4553654545
-45.5213072064 -97.0909650636 0.899589583282
-59.3099774198 39.7610042607 43.1182895444
-6.58658306433 -59.2935279614 3.2214656164
40.5592120653 91.8412912469 18.350691349
36.7292364325 -12.3247768525 42.5619277293
77.839741764 55.0289983622 4.20437304896
-48.9589343081 55.4645956488 24.6056333239
-47.0604669024 -5.47953841837 4.19296196744
-10.4983488491 44.04491425 13.9822212113
-52.9627985542 -61.067024671 5.9279811613
-76.6451893456 33.0342461271 53.3057345487
-32.5286986064 52.8569475268 14.9164110472
97.752297151 -30.4985837121 24.9928426066
68.5486016517 -7.33224692666 28.3691093524
-15.6051556033 -69.6878783757 55.324898328
-90.3732347665 -49.2708310127 59.5331164286
71.1887517982 80.9345648751 42.6640763901
-85.6044834776 11.9492574832 50.2963852378
65.5492139721 -45.5543183587 30.2100990666
-31.8267061376 -53.2607276434 59.8774506441
70.7858436072 68.8389900414 58.7355105715
-84.4782740633 -92.5911352768 47.9029517303
54.8571801315 -24.2029277701 33.6258197085
23.7946170539 -45.2224220827 11.2968914672
-31.3238906155 -60.6370590144 11.5650680502
-72.6383280818 -69.515897756 6.60154532979
-10.7330642082 24.7295809967 3.35429776027
71.5053673617 69.1929705871 25.8472642466
-2.29657000259 -60.434047705 6.39159147393
85.7778160737 -40.5819919765 57.3014265571
-7.63273223096 -62.7220637279 26.6762024752
-14.1099755468 -71.4075085492 45.0267137966
86.7362613855 3.15973378938 31.0391442285
-30.4528771097 23.225257623 9.43679292492
53.1206205162 27.7852317214 2.3373248854
-41.4889380399 18.0526708331 29.4057454111
76.7787530747 70.7128692504 50.7951333924
61.3612590675 24.1182936426 8.34906291627
-65.5617971694 97.3948971796 16.1016977106
61.9809820834 -14.7286227355 52.3073311665
-76.9657763014 35.7151930171 33.9829250482
33.9398924917 -70.7441464389 56.4786021476
-9.45553902177 32.0024030312 2.05968873214
-70.1208205249 -30.5076091599 54.146254008
94.0119684629 -55.6742611165 50.8466961535
43.0340645981 -95.6578980172 46.7900482991
-72.4161384246 -78.5197268657 43.0567018943
-83.4968556794 -50.4208599719 0.555142617169
85.7231599614 97.112228237 41.5433524105
-66.2190277129 89.4843205556 5.14763469802
64.524624659 -81.6901039485 22.2168506706
-26.1892448595 -83.1452862184 11.3250243679
96.5107255774 45.1067240227 38.2163864255
45.9008402917 8.88674920349 6.85325002914
8.2375458105 3.16562686674 7.95873310549
-27.1947445424 -40.9349299543 18.7838833081
16.3141512044 -45.9904482291 53.5882595005
-88.6789090087 -80.7500458699 8.48860125727
15.2276251202 -69.7766461345 19.1411386998
-93.558317082 17.0720289176 58.4271853382
29.7853011709 -1.48592879338 17.0836013231
84.348301732 82.3203756902 42.214560491
-63.5779483225 12.2939319693 47.9228605215
-57.7198982156 -83.9722300514 57.52825476
22.2419356809 -83.5542608147 15.8550003492
-29.4861472884 -49.8823973575 14.7993552676
-35.7125824906 -57.6974105083 50.1446380439
-56.4534800988 23.9938779775 45.1354525853
14.9953461484 -89.324686277 24.2932336733
-35.1107003989 63.5400628255 31.7792277363
66.6424108984 10.2567770822 52.3765942883
76.6040988158 8.73549376479 6.82045903642
-52.8839477849 -48.859693079 39.4493697037
48.6216375998 -68.2107544053 13.2487252027
16.8990797596 50.8654581422 42.3910169834
-80.745203147 -83.7187211933 31.33635792
77.5581911824 -44.615155089 23.9614305081
41.6593407518 35.2021744876 13.8369106154
-3.75993639707 39.469411683 15.9602589401
-37.082563328 -31.3668271616 0.585283400282
3.53690870509 -26.7978987057 57.9824459764
67.9202571931 10.2614705697 4.03451255862
-3.87381684924 13.6141242589 24.5530041458
-10.3872065515 -97.1789073792 31.9592080184
-91.3657638017 30.0285867724 28.2773363317
78.9419812683 -5.49036340624 10.9505980555
17.4617345463 68.2877140636 7.35172992084
-66.9083639266 -94.9229297265 22.874193516
-93.4388121462 -85.3140994406 31.6977882198
-96.3061698741 -67.4995747776 24.2807568027
-37.6834248216 86.1385122607 50.0072416114
-70.3039130923 -19.0446170294 24.3697583311
51.1969353882 3.36674595148 32.3700681015
-48.4143533806 95.7886783702 11.5637671662
43.9271573987 14.1835191434 11.785480982
-11.8990878636 -36.2986283236 13.6351022455
-7.64769526859 29.8326714409 13.8489652076
54.5670297807 -50.8501020125 58.6556118547
22.5990195818 -0.884271096822 49.3117552654
29.5696911573 -48.4860145729 46.2550215959
25.4677667195 -18.699538161 5.35712135135
-41.6285470983 -17.2227980558 21.9959680403
29.0264186333 -81.3188122461 0.863845010229
-39.2969596733 89.7442452516 50.6461813742
6.6583974762 -86.4346938077 12.8034465489
41.1874666066 40.2996186054 36.3827688086
45.0736750825 58.4910781414 58.8008471387
-60.1216025036 -1.84788164869 25.2786646001
30.837724815 24.9812147349 45.7947939081
-25.1879505422 -31.5271744392 40.6466361237
57.6645205945 95.3546750281 25.2541573753
33.5967834915 -68.6449675748 57.5718890831
-17.0801245709 -15.6766375597 55.9945916969
-37.6708738382 -93.0273379604 59.0403668689
-75.9254593702 32.8239036004 44.2552787842
96.4884338006 -81.6835478182 47.648672608
59.4510304696 76.0052096462 48.8521805874
73.1444244943 79.5180731076 32.1233711525
75.1925531938 58.0912957214 16.3574109087
-73.8110106108 18.2804627305 56.1802638585
-18.8756010601 75.2054306006 38.3398121233
-2.77833055755 -33.5428954253 2.07811350581
-30.9735411726 24.114856789 36.0026688072
90.5481154133 -61.9035961484 49.7423273528
-78.2755175274 18.3044506622 37.024489808
84.7063411103 -5.8033640359 36.0330393839
67.6320138492 84.7745833125 24.7857893714
87.4206628045 46.7135482554 23.0775122265
97.5296941492 59.3536054979 20.8795675497
13.1024795601 15.5278715033 29.9536225151
66.4370169182 84.7980126224 6.02020383321
-58.647184015 21.8983916679 9.05249506349
-43.2349677122 -52.4942199404 14.0383976348
-63.151083628 95.9933851528 59.1438276052
39.119410097 54.5929424263 28.0937858289
6.32974354212 38.3330985029 1.51567336517
-91.9509928447 8.75289979398 38.6539918478
-79.7134493357 -99.8680292855 7.95823574051
14.4689896863 -95.4286824234 30.386915985
-35.0651218894 13.3822499627 39.2483539143
64.4761826523 -70.1967025022 16.4649383513
-72.0953741035 51.0302283577 1.14045390184
83.2608283881 -38.7603963707 53.9100563935
90.4029321989 -52.1264994853 15.3540411418
-18.3432318171 -14.8260915755 57.1506722476
59.1896695 53.9113702245 34.4230636213
48.1404428746 -31.6832833086 54.0312595083
-98.0438013382 33.4899697415 47.6139737226
-39.0785871307 92.5166219669 58.9506084927
77.7954225877 -84.8546859027 6.57864689217
27.5613887098 -83.4923067844 1.89040848548
32.6988571184 -32.9359340926 55.4838219605
62.2510334337 32.7152749833 40.8138229092
57.0760885105 98.928431006 54.1378981449
56.3022494776 -42.0191393828 57.3148157124
-12.5305270682 -91.385868634 41.2621380611
0.481159786936 54.2337389493 4.08315921253
6.34883677287 -46.9162097074 26.0404337946
1.2220980546 -31.1983209537 29.9282694303
-76.4189263126 74.6870959034 56.9792573012
65.2591276407 -23.5951816093 2.17569882272
53.3460383079 20.2228509471 59.4746922872
-25.4541216823 -39.2292212349 45.6682620266
7.90600667432 -31.1642816676 45.61914626
17.7960191546 85.5546547154 55.4116382261
-18.4709233932 -49.4023728526 21.0546228152
-8.79714763927 -56.2285211911 0.159047555368
-50.1592401028 78.822005197 15.9878924074
51.1677187305 71.4022734452 37.1112633233
3.26520223417 34.198702994 9.72633561009
-51.4793819411 7.19596297533 19.9785992253
-56.2168625243 -93.2950867785 45.5231447474
-40.8546148437 76.0227290423 21.8263050751
-99.8039558318 15.7127835376 18.5138361787
44.1193589387 31.8715633209 9.76102875604
79.5999612342 20.8092137171 29.7125402058
30.6572425395 53.861163243 14.6510249134
-39.1053105544 -38.8271195684 9.14011093349
-57.7717907571 40.9596969747 29.1311254433
-88.8341092515 74.0721925061 18.3203685614
-37.3844262671 36.7880997786 32.2550579391
17.4022496055 21.5706291673 27.4719562875
86.4408906661 72.6293695428 24.9616849277
-51.8024369588 66.2507635921 40.0597368601
40.5263249868 -23.557946669 27.6439992695
34.627062856 -53.403534171 49.0148771546
98.1823252654 -82.1643905164 58.882151715
79.378996193 -36.8595946009 49.2187109261
-32.1108054981 -21.1825647493 7.92811822195
68.5266338474 21.5533162162 45.4128184384
-40.7904245767 -76.1785782801 42.7627957371
-68.4660518795 -90.0935614506 27.7923644777
-34.9698513508 33.7126487391 19.0001588928
2.91363890096 -50.7287660198 36.3402235566
-21.9696662606 27.2599959627 6.05039163209
66.3338212147 4.13276627716 4.67435281835
46.3243410509 31.1716737509 19.2377815692
26.1671523554 -28.8046270335 33.259491428
80.3967483703 83.5023713301 41.9474498721
8.55217241104 80.2719945357 45.1746701725
-7.28980955233 -43.7188039621 37.0828491416
27.8947796053 14.6119471225 4.59115034801
91.0041138715 81.0187039172 27.6672171544
-51.5558260626 -22.8510473038 54.7586518406
-71.2903199186 -36.8500470848 45.7817649674
32.0937547247 -75.5816515136 29.3582629591
76.3785620327 98.9304020542 39.4023977151
-5.55967112187 83.640210669 33.1843417662
-54.2819247694 -94.0353576234 19.0348293525
-53.2775182162 -14.1475760025 44.9261485365
87.6569506485 -36.4000671329 31.2952923613
73.7030873939 5.60001024472 7.97813674467
47.176145667 52.2378041366 52.6490784226
27.8647394627 5.75867621786 7.97760971575
-95.3274008811 56.0830167983 47.6001169675
-75.4418616874 -58.2688583943 33.7176487524
-79.2937159716 28.3265881872 59.9012275846
-59.1411770056 -29.6551459701 2.34610758237
0.230934080886 54.5249675113 10.7830065954
-12.5840424997 -64.8458955935 55.0188540336
37.9546046231 -63.7773099818 22.311350666
-73.8355270009 48.4061272375 4.79537207381
70.5629222126 -92.3938989772 29.3136255622
-94.7207144235 -38.6398916438 22.9268887736
71.4171611328 -6.30627562333 24.8522451636
-87.7154024242 -58.3003093076 47.6448337795
-46.3675468888 36.894784334 58.0765083268
68.8188421895 -14.8240842034 41.2599749039
56.4922498107 -67.227774439 17.8952287269
-33.5066263195 34.4967747018 47.8199802708
-6.24265932501 36.612691186 40.2179141782
-57.9192477059 61.4809906827 36.8955101796
53.378425453 22.7758334856 24.5714439388
41.0204432167 91.2250033457 13.3705021086
-36.6915559213 98.4319227196 10.7816260132
-91.1236041177 99.0911229224 46.0933350214
85.676714359 4.2284101104 34.1735822248
21.9933819681 -87.1738708878 50.5964981054
-12.6241954276 11.4986454936 12.3543367563
34.9797647172 51.6025573851 19.5377360433
-45.6514678152 -90.5163593188 43.255730335
-27.6371322896 -71.2510827654 55.1503796949
-0.893769358612 -23.9876697536 42.4749865772
20.2953396482 5.53566643208 53.7837135508
71.6036401608 -0.443837101289 44.9868610432
46.6871326949 47.9016082341 19.2486643545
-84.5923860803 57.8445986251 32.8014198068
87.8717551941 -82.4734490326 12.6510540252
13.9373383767 -29.4397957727 21.6011293339
-23.9073369903 66.9770097744 44.329601013
-89.8722149898 -64.7335951576 42.0896504616
14.8142564165 86.5034515674 7.38075893124
-39.4739986988 -14.3021004816 18.2947012089
2.79920736863 84.0341862119 41.5915885376
77.3468792755 3.30783598047 46.9986067631
-49.5657082361 -21.1834887623 43.810367063
30.0471103981 -72.5318840977 6.16819221351
67.4638052252 -89.7077001197 31.6179248962
85.5212167499 -75.7551473752 55.2829104121
75.3301040882 80.7992968877 21.532631867
60.5325368085 -68.4596043896 44.6500206523
-41.9551728439 -59.4602052773 39.5880378014
47.6630763967 -5.05970596403 14.7015294023
31.395414138 -16.3397964158 25.3001808766
10.03856065 91.6027142635 10.8975765652
14.3851202401 -22.1050505448 59.7430071723
-18.9783348598 -34.9923095791 53.8983843988
-71.6853623349 -31.787995056 54.1836760494
49.6694681533 37.0634520348 18.9991274429
-77.7868535031 -78.2310538994 53.0560223894
-60.0138999172 -14.7082666963 39.0209810242
-19.5215057689 -97.4808131774 42.680690998
91.2518533983 -23.2307523342 55.1270105003
91.7947377909 88.0810705661 40.3618745307
-58.6555399359 -40.8169127244 37.4570608725
-63.4728909132 58.9576156264 15.3971372856
58.8928777068 72.8505749363 36.8361882416
-63.9608617399 9.81026303672 19.1919990935
60.0893346293 -20.5518541417 23.0445202506
-89.2997950807 -25.5982474337 42.570314932
-52.0492304662 -74.567022802 48.9997473485
-94.0312494623 71.8419451173 14.3420683524
70.9455342639 -54.8172846977 14.933687547
-35.1806631325 -35.3961084347 4.22944915808
25.611577608 -92.3459148205 33.69375149
68.3066743236 29.4473931775 3.60168863171
70.5196370978 90.0108339318 37.5450250517
-68.9222579447 -55.4799934536 37.0163574036
14.5392172431 -31.614715875 12.6011198834
-4.93342730308 91.9251028396 17.5496329599
85.3386357624 -16.2178824015 15.3114186209
-61.3068321441 -46.8936329941 10.3786404661
-40.4142836743 79.160547875 51.0268161097
-77.2881334522 49.5558193767 13.5167753334
44.7221347229 13.0404546128 31.0479616324
-17.3966358111 82.6360837618 34.8652342265
-35.415685906 -82.7596042385 49.8773283161
20.3439144109 57.4964388133 32.2988135942
-57.6227731479 75.9945455515 15.6568185156
-54.1345320646 -66.7750086163 29.8811995004
96.164451072 -69.1661276327 23.5919203839
95.1579240473 31.9757967368 59.4536164368
7.98268673497 -33.7903833222 4.51170611681
-77.6158253672 74.6729935093 35.9788946286
88.1586657796 -14.4570573223 8.95591345385
-97.4576687656 85.9547002105 39.4089714385
-41.8821732521 86.6853867171 14.5365238294
-50.2406347397 16.3822856587 25.3604650797
75.4343967419 59.916601643 30.9021701349
-30.4291798801 41.9245373675 4.45247134176
-23.4990411735 -92.2674585858 37.3510113607
-28.0797543972 -67.4761948987 36.8432269165
33.3969788288 84.5366733384 14.4171182235
15.1953322133 97.8151520648 13.7395538746
70.9540343514 -92.413153906 42.1093054091
-22.2668016427 41.5344199094 3.16337112476
45.0380571813 1.58953634089 9.92098424286
-58.8707858624 46.4734838422 42.9318516253
21.6160413102 22.7522457322 54.9189027015
-24.2856213839 -52.2181721546 0.84580929816
66.8171031059 52.2398828818 18.0409985923
72.317824777 16.5425605322 25.9853936222
-61.7794084006 19.3904965901 20.2825053107
24.6851566176 11.5018274258 15.5673458538
49.7539463826 43.7616662403 26.6371083952
-66.8002473978 -96.8260342002 15.4457461222
-85.856587897 -36.3439920499 39.1294485838
70.5634621536 6.55998189092 13.9383112388
37.8655842393 46.7375399103 15.115798244
-70.4733276295 80.6262768801 37.2641112895
-51.7571931101 34.5076198072 21.668337392
-82.3347975412 -54.5420525642 15.8263755014
79.5996639574 68.874797528 2.37343075637
32.1256236563 -31.221794059 11.6921151398
23.8810103186 39.998809742 28.1104889311
-47.3771039184 6.78125518444 12.2944842747
32.0967753508 -45.9252874756 33.3630402838
-93.9994369678 -9.06171104571 20.0040572217
-70.8522720563 -93.9607888369 11.2926857828
65.0630678085 -5.82996198427 43.8775182739
48.5370376065 -23.7001767677 58.8657934555
-96.9603025864 -37.9151161115 32.2314506832
64.508203817 -23.1870989434 34.1070684248
76.7257081964 68.4633649251 59.783537982
-5.39460608791 18.1620256573 55.0016782493
-39.2625580272 -32.5136600253 28.2351545019
-41.8484700501 -79.6798463595 18.170297564
28.0922339293 51.8712486218 56.7619600038
54.6485522783 -69.7339440912 56.3469190358
19.4603035115 -33.3942084315 10.7258724657
30.5300097873 -29.9893208333 41.4120001816
-6.23472280533 13.4799611882 7.71083521334
59.9709573366 52.6697057057 16.9336438052
21.630361147 -92.2570467462 0.199265111223
75.7450300535 -8.3191029561 56.9900084713
57.2751455244 -55.5143835282 21.1096220662
-34.1869443306 37.703977646 55.8499068793
78.523335609 84.0536858151 16.3952760662
37.3790377963 -79.8428776128 44.0169547696
26.0624536584 -35.9616199792 48.5571117696
0.039581837617 88.2392830267 8.97335320524
79.9312952275 54.5448473603 6.63510390755
95.9055882323 91.7898532421 7.83806199065
25.6264739588 73.8939995334 0.731342469465
-30.1980996488 58.2971774471 55.1174262941
6.17679144454 -9.39414421123 41.6112821533
-70.9652771309 -58.1203828536 28.1300911828
20.0632710628 -43.4683311636 22.6498649806
84.5436970395 -49.8324991157 47.6206095386
32.754059042 37.6854139715 9.02931649984
37.2401929106 90.9551032833 39.4906438424
39.0426506962 13.4368977743 32.1844744024
-15.8381098025 -40.160678634 23.1531441379
5.59617013948 50.1142650306 18.879046216
17.746382388 -3.66290961928 53.0870846236
8.67402534031 26.2505122487 52.4186275348
-19.186548273 -5.90299463818 20.2729962392
94.7839220809 42.2901554351 6.42210566073
-88.9262659961 84.016753915 22.265352231
-70.0058869194 70.1740520171 7.36661350952
-11.4609818906 -5.7163927656 21.2701345468
12.9815099406 55.4529666049 5.22902077247
1.56070254592 -8.41210459337 5.81042825335
86.3520938286 8.89506288151 28.8010490958
41.2183205874 -42.756768152 8.36564635694
-30.9907127378 77.4679862738 9.12907140416
-17.2280439861 -39.9936245689 18.1178780283
-90.4913884651 -43.2198298957 37.8652942305
-77.2334588508 1.89953565363 47.3983354073
55.0195861803 -31.1786201 11.962970492
25.5920038078 87.5598045465 8.23401260772
49.7749064869 26.2583483026 6.23989522414
11.8436188539 -27.0043168109 7.07188240718
91.4804690348 -67.786058584 7.20052900486
83.4828152936 26.2707616514 16.6717051842
-92.5611846032 -61.870596923 55.9263965523
-78.6135758579 -67.8796927894 38.8245827017
-89.566898173 30.8311856187 47.977694313
75.9936044203 53.6924671991 34.0275957171
-57.6156333992 32.7009622898 30.3571622849
17.207218685 2.05865846365 30.5254127539
-30.9743762339 84.9869945119 45.9157675814
30.9992479517 -67.0982009849 5.96425071222
-60.7538465913 -80.3636466343 44.0176702541
-91.4939014851 -22.3628290774 22.8409221063
36.960789307 -33.3875386781 52.7202357658
17.112639292 33.5768989029 28.4453191344
-58.8695703882 25.8746574519 48.6622578971
-27.7152559781 -69.6962228771 33.1868564877
87.4377529356 0.62949377821 21.0250543069
-58.577931342 -59.1490004152 50.2978790531
84.1723392989 19.9779989555 52.1673304492
-20.8990368469 45.4244659843 6.33330237929
-71.6310032809 13.9755226508 17.4290592667
30.5027639165 19.2840487905 58.4597849291
74.3845181369 68.5020492401 14.389056871
-40.3728452705 77.4332513877 28.7976167047
-17.2747158185 34.0097278814 41.0071183348
9.21845200664 -37.7443648795 17.3351602639
-70.1103432718 26.6384797694 28.2407309096
-44.3392459124 -94.8226761865 57.5003269655
60.1440463488 55.2259464544 46.1948406557
84.2154738841 -95.686053465 19.3895376509
91.7737507823 19.6859286219 34.2769757474
-15.1386985947 -78.5104718848 9.43106319472
1.20888352763 -21.8028412071 52.5581656438
42.8063897445 -20.6256184968 29.4219053585
-33.7245301939 -84.0167794767 33.5245461499
65.8912857533 -83.4136638842 36.0083231471
-23.0259108407 19.1084911733 59.3089686997
-69.6512775306 65.5039475661 27.5894999548
87.1703690672 56.5024384181 48.5448789659
68.3308493627 64.1872954493 22.4699537526
-46.894676619 -28.6551181403 43.7607639466
91.9314080133 -48.6571635508 43.0900660895
45.0156159968 51.2590175873 11.7170095302
17.3332517528 88.1286511494 32.8493985201
79.1105865868 -59.6111654719 53.0781340178
-90.5477374316 90.4723156385 25.4289730063
42.2046311589 78.8015812924 21.2056364998
-56.6081841948 -52.8492108861 52.9804498546
-57.8848161367 -7.45323159036 49.9476776587
-78.1292434441 22.6844148521 10.6318348728
81.259089637 34.1975778816 22.9038992769
50.4614402762 -89.9427909316 39.3165016714
-38.0504801499 -89.0119494327 55.9308688818
-31.415850606 91.8598718301 39.1808477398
85.2875166354 58.3798410294 39.0889421098
-71.5444822247 3.11144968474 2.3706313559
68.9809230671 -33.5200583733 52.6657351626
71.8337753388 45.2793520755 49.4517704152
70.3405440237 86.3583179427 0.120994075827
-5.52415161936 27.1826528659 42.6795411646
51.6248468173 -45.6498994245 52.7969441497
60.6868856602 48.3051001963 25.0857027374
-63.2176513585 80.5681795439 9.49479661191
-75.7343938382 5.57249040022 26.6921632783
-72.5846878611 -67.8554910295 38.1416824947
-84.3359314347 95.375251356 38.8226427639
63.7753631046 89.6182478923 24.9757116864
55.1898143425 51.34910573 5.04787907805
-72.4102187035 -89.9696611905 25.0821121005
78.7947203039 41.4904991441 20.6920640307
17.6795042704 -59.3082639483 3.22528058505
28.3875420914 -88.4519449257 20.0570915774
-42.9997749868 95.5169866601 35.2470589867
-4.97868624942 91.6969292849 31.354865201
-81.6934070558 5.18318157516 42.0615511473
-76.5892752407 95.0181613434 55.4190676898
85.9771474597 43.8663843237 51.8242279817
25.9474698224 74.5791586103 39.7814152091
31.2423184174 -25.0689873779 12.396672081
1.32390017945 53.7638694444 50.4990939733
32.3917462886 -25.2811755314 12.6940117234
62.9594074701 -73.5102520602 4.19184527834
28.3287180081 34.7368085774 18.4225203429
39.8336142492 -24.954954131 48.6117976785
79.0795321743 -62.9451815424 38.1503286031
11.2784842424 50.8330093736 9.2084573591
54.4535307314 89.6054479267 53.8418167546
25.2500807805 -63.0939151635 38.8601016933
-46.8785067394 -84.208266343 19.5366324267
-54.894927417 -26.7555645784 29.3483306189
-73.5634573195 -85.4741925007 38.1514266904
-2.28255003194 18.7252084293 44.4840132215
74.9608409628 46.2000684636 44.3157648938
-30.4576514118 24.0524723844 24.9310214803
88.4232060725 -60.6105045642 53.2736829049
-20.8596932523 -84.1837641489 47.0410563125
-28.3248118378 -4.03024724757 35.4110209117
29.0044611604 79.9235389775 23.1775819092
-81.6936368656 34.666512607 50.1587986837
84.7765736436 54.6754100184 24.7285254374
115 87
458 411
442 261
54 167
135 479
315 180
456 136
226 28
402 424
57 381
431 360
252 375
292 220
112 258
146 244
378 188
54 374
114 129
29 479
135 8
466 197
197 208
406 479
40 157
140 342
456 348
349 299
250 434
205 374
72 491
276 407
149 497
225 86
456 340
55 50
133 56
374 97
211 186
142 227
486 298
381 282
327 123
377 265
218 296
116 413
238 353
64 308
414 130
235 54
401 1
49 310
416 436
220 70
377 11
78 432
197 55
194 486
333 121
185 147
249 159
47 10
321 485
369 176
200 150
427 175
11 465
53 270
251 423
183 0
472 309
275 239
144 368
106 297
157 481
225 9
326 80
487 118
178 364
259 9
77 367
319 197
84 145
363 88
207 244
337 399
426 209
90 446
60 204
461 30
190 331
149 477
186 384
2 458
178 386
100 146
73 177
90 286
254 420
396 119
471 202
272 235
127 344
386 330
112 74
154 271
115 221
183 339
230 8
209 419
250 65
96 323
353 31
254 490
478 480
243 350
184 119
68 289
489 430
304 179
167 499
249 163
433 213
428 239
373 138
249 279
72 228
463 100
403 187
17 112
408 149
479 396
11 414
35 330
220 285
359 34
213 280
456 254
299 433
436 212
120 315
235 40
317 366
191 324
135 89
39 334
478 29
120 297
135 68
335 447
496 438
344 126
492 11
122 121
105 308
315 415
319 314
333 209
196 299
455 492
287 224
54 58
389 157
142 206
381 344
199 324
340 73
390 366
360 426
195 132
178 356
57 382
358 84
461 123
227 226
7 333
432 207
464 243
382 7
377 315
438 68
402 426
92 63
129 138
362 8
459 364
346 242
172 82
57 445
211 416
485 120
185 35
134 12
62 167
192 281
498 313
69 142
476 64
233 275
484 235
354 210
28 265
110 227
270 163
109 478
353 384
305 29
193 390
174 118
219 407
348 412
69 169
164 18
126 321
189 383
272 377
325 310
386 411
401 320
113 294
254 323
335 21
313 225
451 379
463 68
49 261
262 73
311 207
75 490
314 376
423 132
410 284
256 129
71 456
261 244
29 81
420 71
382 22
51 241
338 125
68 374
247 420
469 21
139 221
154 443
423 37
418 467
285 58
404 150
176 71
239 320
255 428
326 133
148 226
273 174
95 168
389 421
151 296
272 244
24 261
122 71
357 71
327 423
244 288
245 297
252 95
214 2
420 190
414 97
320 20
24 112
26 41
0 99
168 337
359 189
149 271
400 180
43 223
129 275
263 452
123 101
281 191
230 273
452 40
238 382
282 110
192 53
277 82
278 199
437 311
96 329
499 241
222 381
349 129
337 317
459 329
116 127
254 484
367 247
230 5
244 486
157 48
467 74
301 340
159 77
484 298
487 403
234 352
367 482
457 391
29 295
404 394
39 386
332 418
23 35
111 201
160 380
161 170
423 236
8 1
117 262
487 175
96 92
33 309
35 34
402 322
477 40
389 476
85 476
190 72
134 74
75 460
335 445
160 251
376 199
105 490
187 48
231 273
10 437
21 0
434 123
470 450
317 149
346 351
425 390
213 230
414 63
322 32
289 278
63 196
314 321
198 101
238 148
383 191
494 252
462 449
428 211
143 61
331 452
230 393
420 323
233 2
309 25
188 198
451 437
416 491
478 308
231 426
158 306
176 448
227 164
274 324
403 132
143 236
218 345
404 219
102 458
2 120
253 288
80 202
466 312
229 468
244 318
450 213
419 418
11 43
265 473
238 132
112 476
268 88
171 290
207 57
33 361
15 217
263 337
379 60
410 76
30 388
18 210
245 60
284 399
401 91
161 414
191 495
50 106
226 125
211 254
62 42
220 383
129 236
154 317
174 167
425 284
63 405
105 226
80 386
333 161
451 187
383 391
390 263
63 122
461 347
30 321
287 204
456 235
304 210
462 333
328 10
455 403
168 401
383 95
348 207
233 177
370 82
440 118
198 326
306 296
85 107
370 2
49 370
315 137
84 123
392 404
448 334
123 183
69 56
183 384
394 470
446 58
132 154
169 158
198 365
275 6
201 354
199 354
355 120
365 478
296 425
138 443
258 304
485 354
26 343
71 201
5 184
195 310
492 255
373 258
209 216
126 167
448 256
416 330
23 456
195 334
272 101
38 214
110 315
473 329
430 197
473 135
382 162
340 308
14 213
230 380
468 352
5 148
135 326
182 69
237 109
93 342
13 186
0 37
109 139
152 230
378 141
356 74
233 464
228 454
248 277
298 195
121 218
209 337
268 161
179 487
217 9
458 57
24 443
295 195
498 375
287 297
27 339
19 342
295 427
472 301
373 21
2 430
440 294
141 493
422 462
419 75
470 351
75 235
245 127
242 199
27 390
55 329
31 272
255 497
353 323
79 306
90 111
11 175
201 417
363 11
236 36
89 295
220 273
163 414
82 488
479 158
261 406
380 77
350 429
31 257
412 18
417 127
194 237
402 214
307 424
101 45
369 360
348 466
165 44
107 440
416 238
316 252
339 174
371 280
273 482
220 484
424 182
294 193
21 205
275 133
318 190
85 414
241 458
145 351
114 255
485 99
279 39
175 34
493 412
28 362
242 237
385 201
307 168
234 326
124 340
433 81
188 483
312 69
490 226
369 185
244 284
220 419
447 104
65 105
285 288
95 235
355 224
456 403
4 469
177 236
283 275
272 495
189 90
328 362
491 100
430 206
439 124
302 65
89 341
286 60
136 69
122 100
69 289
162 371
463 31
72 264
262 326
139 168
224 142
250 5
192 32
144 71
335 123
338 350
257 209
104 282
138 324
58 32
248 364
336 454
54 409
469 404
252 308
136 65
314 380
402 499
50 428
303 280
348 394
396 179
123 128
209 354
177 198
51 247
56 211
54 160
387 26
412 4
427 119
18 379
110 153
496 112
354 335
485 415
359 236
90 258
316 443
447 244
53 150
76 89
204 382
109 344
54 109
387 380
280 486
425 34
361 256
339 367
450 131
189 218
234 411
410 281
451 272
253 437
33 87
105 33
361 50
242 16
103 291
129 172
461 499
257 234
380 341
262 42
339 225
57 299
53 360
234 201
216 119
131 12
482 171
128 320
21 118
407 266
282 15
133 369
263 459
325 13
353 451
490 194
384 56
274 439
70 303
78 373
11 389
263 257
210 212
401 93
67 55
412 389
164 39
268 52
97 418
57 402
103 81
394 362
433 44
46 103
88 410
470 483
295 336
460 467
311 55
135 417
327 52
460 230
475 64
341 265
338 310
255 199
355 104
156 471
11 461
406 490
488 408
477 374
454 106
32 264
400 122
99 260
279 245
261 307
206 432
35 369
252 279
194 96
435 382
214 251
7 148
313 111
431 136
406 242
127 215
354 27
396 28
338 172
403 25
46 235
180 460
100 461
206 56
396 478
176 50
113 171
332 317
41 20
351 355
331 192
264 392
416 57
348 487
162 199
454 68
369 350
277 279
303 211
475 42
9 389
36 382
184 315
195 99
266 318
319 436
42 15
350 15
33 388
438 213
469 98
351 379
68 137
396 171
59 305
370 492
329 379
477 464
41 470
135 259
452 251
493 64
168 303
302 352
113 449
294 45
490 266
246 277
19 496
95 78
119 258
