200 300
-30 73 48
-65 -54 34
-20 32 31
-63 -57 25
68 89 38
40 43 19
-47 -74 26
-48 9 39
-29 -91 59
-20 28 52
-21 73 1
-78 -28 3
11 60 49
30 -47 26
14 -79 22
-11 -12 24
-72 64 30
-56 -71 11
-1 63 18
40 26 31
96 -90 38
11 62 52
-47 55 3
-50 -1 42
50 43 1
-36 7 51
-88 -21 59
27 -20 21
4 38 58
-57 25 20
-80 -74 16
76 -49 12
62 -94 12
29 -60 48
14 37 1
42 -39 44
78 53 18
18 73 11
-94 -78 4
-32 -53 39
-62 37 19
-14 35 5
58 -20 14
-73 -91 13
-69 -13 30
88 -32 3
-14 -32 38
-90 -37 50
-37 65 54
-90 67 24
-23 38 52
-84 46 53
-26 18 27
-25 70 36
-18 -91 25
-81 -67 9
7 93 48
-50 -15 13
-95 33 32
-23 36 35
53 79 37
-85 -99 32
66 -29 6
-97 -27 52
33 -82 26
87 29 5
-64 27 49
11 -20 11
-64 65 44
33 -80 15
-12 98 49
85 -44 38
56 85 29
-79 -55 25
90 -67 12
57 73 13
7 92 26
41 60 3
-13 -32 3
79 -36 31
87 40 7
21 -52 8
43 54 33
-35 82 20
56 -3 45
94 -85 3
86 -14 43
21 -90 3
66 11 48
95 -84 53
-27 11 27
-87 -19 3
-87 -97 59
-59 49 55
97 -90 36
38 59 5
34 94 23
-98 -98 3
-98 69 37
96 -37 15
-73 -98 52
-74 -16 31
-9 -70 58
-59 6 32
-50 75 11
1 42 14
39 -81 57
-37 90 14
78 -96 22
13 -47 30
-46 87 29
36 -65 2
23 -77 41
-50 -19 1
24 38 12
26 -24 17
36 -53 56
92 -24 10
0 47 54
45 -71 58
57 -91 30
-7 78 19
99 59 18
-95 15 34
86 80 51
-92 84 56
54 9 21
-69 -78 13
28 -73 12
-18 -8 7
7 -91 57
23 36 53
-64 -79 4
3 -84 52
-7 89 33
85 30 10
-71 27 34
-25 -36 21
-74 36 24
-29 8 25
11 64 36
88 -50 36
-37 32 19
18 2 30
-85 -38 31
-79 6 19
54 -70 1
83 -58 17
79 83 33
78 1 11
17 -47 2
-91 -61 29
-46 84 7
-94 -55 6
-71 40 25
-6 16 3
3 -5 42
53 26 9
2 -17 3
-98 98 7
3 -46 47
32 -37 52
41 -13 30
-54 -52 35
-5 23 39
0 63 56
-93 -87 35
49 14 32
67 -80 55
43 -7 45
-54 -10 37
-26 24 36
-39 22 20
4 4 7
-53 -89 25
34 -73 12
68 69 7
-34 24 39
-81 -54 13
-63 -11 3
18 -94 37
26 -80 33
15 57 51
66 99 23
-65 -54 54
-29 99 48
-85 85 34
59 43 20
47 -85 19
-46 63 11
98 62 27
-87 -78 6
11 -13 14
38 -57 36
98 -6 33
-86 -15 37
63 -48 30
-2 31 49
-4 29 37
81 -74 26
138 45
83 165
40 2
189 110
117 52
144 64
87 2
80 22
53 68
114 151
189 55
84 95
154 70
183 193
135 117
54 63
146 55
104 129
196 94
150 147
175 64
108 54
9 145
77 106
131 73
63 121
91 52
130 14
46 14
189 183
153 97
16 71
119 187
100 106
168 5
89 53
48 195
137 158
56 23
168 123
66 45
159 9
10 169
181 105
44 69
2 172
143 13
148 194
36 42
13 186
171 116
150 107
199 112
122 170
126 4
91 170
97 74
161 190
150 105
148 30
80 152
109 113
77 94
14 70
158 184
99 166
119 199
77 137
151 138
87 45
161 55
44 10
36 139
111 137
129 26
9 85
58 91
99 38
100 25
51 171
102 151
111 61
42 98
192 104
18 39
42 18
136 138
78 96
188 162
64 149
94 10
50 67
199 133
65 48
28 105
126 34
62 0
131 64
14 87
8 33
120 185
105 113
43 30
163 182
183 159
48 58
72 75
142 111
123 141
96 131
105 5
162 29
147 109
107 179
10 65
125 144
11 31
17 163
77 122
86 27
19 68
4 178
115 11
88 73
77 15
66 170
197 83
128 102
181 180
34 86
14 0
95 94
175 104
113 13
102 145
173 109
85 25
33 19
169 37
140 44
147 15
141 64
89 101
46 140
136 191
37 99
117 161
100 89
147 89
169 27
150 177
142 44
96 114
186 85
129 86
5 194
117 5
198 116
61 132
141 158
196 29
17 123
170 11
118 140
38 5
27 163
4 115
123 102
181 149
134 46
178 83
156 126
78 87
121 69
110 167
11 70
81 155
180 177
100 114
1 91
170 155
129 172
92 128
116 146
188 116
68 149
79 28
171 96
114 116
98 92
115 41
98 166
63 69
30 196
170 187
124 77
60 30
38 192
155 18
99 95
77 115
50 199
75 157
130 129
168 70
74 186
123 186
93 161
21 15
18 8
151 112
180 37
29 25
191 107
103 154
63 2
186 105
143 44
130 141
66 111
41 189
145 46
147 137
124 31
24 175
174 61
169 30
191 116
126 105
100 118
10 13
104 117
149 179
196 50
92 75
6 166
166 19
182 198
125 16
62 128
111 167
71 168
84 62
146 93
74 34
58 190
186 51
118 84
47 32
32 64
38 168
86 22
105 134
51 188
183 18
123 172
134 87
147 73
66 75
132 13
77 187
169 80
197 168
155 122
50 13
170 145
106 36
176 183
47 178
184 179
42 76
101 95
125 102
67 86
199 158
110 117
171 119
51 62
126 55
33 89
177 157
51 190
112 127
134 45
148 5
90 134
99 107
134 71
157 141
48 29
164 23
190 3
148 177
4 165
145 44
158 48
182 67
20 57
60 79
122 62
