500 800
-42.711033154 76.2942291689 20.2952980106
-84.1064577927 -78.9837948347 42.093170249
-15.2357578114 -6.29388788647 57.6159492973
-48.2076261844 -46.8561499567 9.21483573134
35.4179342451 36.8009181345 31.6574297041
-3.34646467475 -39.6964728499 50.172838566
-17.4458182275 14.4287242416 13.2466899204
-30.2539596585 30.2985052083 17.4713242247
-88.4569629167 63.3996406445 53.6487952665
-31.1747090521 -21.5242288652 16.8027909795
-33.0424987491 26.3263286183 26.6107334155
54.8102632243 -30.0202622379 54.2211265674
41.5275346786 30.6380430689 2.21856796133
-80.3865993269 -36.5883559999 39.5836351188
-42.7149742321 40.1966870344 32.3633439703
-28.8866393597 33.8990708769 38.9808305755
-15.643495016 -38.1528719852 12.878669263
43.330110948 -46.8646025041 58.3657638985
-68.0603364478 -67.2008259828 42.5194257818
87.7326100001 -69.1059838764 25.2075777767
11.7939274065 81.1326214788 56.8372218397
-93.0326981609 39.9026411108 19.8742101585
11.5921337702 53.9343622741 29.9453579779
69.3701739058 28.8341290273 17.3781145245
-1.32516499711 9.82128735248 49.688873252
90.4311502017 -61.5313727935 21.6827140499
90.7274314391 -31.839865976 29.9033675248
97.7709559243 -87.6066855995 22.1454058653
-58.6119634546 48.4435668347 18.9160329595
-42.3704433751 -38.3616751193 18.7019324246
51.0139109428 28.2303972555 28.8059141338
-23.3515196407 20.9794819961 11.0292278326
-95.6874541395 92.5583941903 12.5739569346
-6.70343850331 -1.75682208243 2.84941987175
-20.3478400419 -16.6945918788 13.0627362815
96.4483430368 52.8361052917 56.5855379448
-67.0280970802 -26.9223611179 49.9945205738
-32.3174978247 37.4421316997 17.5494355894
-60.8595045523 26.0480447245 36.56570588
-22.2268911671 -49.5737470584 0.819103360521
72.130888336 73.6366351493 27.2229342994
-28.7362012437 -54.2962821849 2.78256060159
-46.590077904 -56.6849051495 51.4121916604
68.161081964 -46.1876133963 46.9376272563
55.0221842691 -96.5380545947 55.5581460436
-93.2331434255 47.9074848356 12.2067059467
-76.6953486501 35.027460232 36.0218584479
46.1648217425 -64.7157587872 6.47659350472
27.2943733254 -49.5363725575 15.8023600604
-66.4738014808 -15.6097756855 27.8464017858
-78.4470517071 54.3434207448 17.5570608532
-1.13144815318 -30.9143792571 44.6789790501
86.992813991 54.3506689062 40.1166639612
-70.1061163068 -54.408876892 56.8248211908
30.2593374782 -0.413513767352 28.2858961966
64.8775441925 -9.94611789931 59.127249801
78.7093220181 96.2763302921 23.5187020468
-49.2395180147 -35.7926208313 9.15988143771
66.6789061284 -42.4741509863 15.0212489894
-54.1264896412 -4.7601943845 49.9971805891
9.60186788117 -1.64997908236 48.840229141
63.1721622258 58.3302396543 58.8487318466
-64.9825699317 -19.2787056353 28.9066897924
-85.3101883116 -71.1139234374 15.2543288605
17.535934842 -80.5374440473 50.2153652906
-58.9081747611 -10.2180716424 56.4464769159
61.2272454779 -68.0593791168 6.22112205209
91.1441994085 7.76209518182 10.0419992365
-42.8696647554 58.8683067632 1.85700317552
-16.8007236067 -80.4604184207 15.1738305964
44.6776513154 -75.1088231843 26.1546143801
63.6111195044 63.8024048545 20.0258922778
-51.9435158553 -33.102543521 49.9613938179
-7.05920072224 76.587379232 29.9446230222
51.7345073648 -17.9686448321 20.5779658779
-65.4616260369 -12.9482408697 37.4511816736
-83.4860682684 42.1059389723 6.23733664109
-89.8662711628 -60.5676716272 35.2016081038
10.7707166355 80.4728050821 10.1952925086
12.0434597114 -35.323147444 23.5670459391
93.5822076003 -7.75423150762 40.145681076
6.67190318741 -90.793525774 25.9609934555
-35.7915042139 2.63203104757 1.11577948724
-50.8857440479 18.4935455269 25.8610417602
-38.6648667759 -44.3148721785 40.7656921823
77.1609726591 48.7507382667 10.9810637429
87.8561029906 -16.894443842 35.6691687992
84.2388484297 -89.7148740423 56.4999786746
-99.0184593005 -5.28153606865 16.423139219
-10.8366690779 0.0695834598471 25.838731956
-23.8431953317 -66.6946896964 2.78407641586
23.4438186991 -95.5258219142 12.7340316224
-6.83561597202 -93.4185193924 56.6412558648
-20.6567711377 -10.1557279077 34.4310637552
63.8931537323 -85.3103774631 45.807159569
32.0866594298 44.7989411982 0.178857794176
4.61748372052 -68.0267748297 42.0448536072
30.3576489 29.5996667653 57.4688756884
16.248374252 -6.3841916369 48.5720874215
6.83065122117 24.362327327 22.5448055814
-92.8662899873 -77.1173987184 2.0816349965
71.0040180165 -71.887050942 32.927241564
19.6341159604 -24.0360778345 55.203361319
-84.8544593413 -30.4550860401 35.7310816272
-56.7007212401 37.3233341304 36.0543507404
-88.531675757 21.3496747193 55.525000433
94.8709371165 11.2513747518 27.0970271861
-3.04224412329 43.6398951426 9.95107636668
-16.6134580901 -78.4049082332 43.3729714414
88.8285624127 45.3758226213 23.4902623724
-85.4617795954 -72.0905147752 13.6740213656
-0.944951970322 78.9586801787 10.0156186467
-30.3274869689 -81.3423698897 50.6271425691
11.4798034471 44.1535689012 13.5066126864
19.0642200905 -21.5927306042 43.2930792992
-0.25287188676 23.0452814697 12.2251201034
-4.00503320027 -20.3702208573 25.081123187
-34.6852671361 44.4983425608 50.7276355778
84.8717861448 31.6359326369 22.3486987523
-76.1971270389 -51.0500717362 39.6981952709
29.9509487938 -84.4185603309 43.1948113662
73.422649415 -43.7442432708 53.9948216888
-90.5864797104 -64.4703825186 26.0325123065
-29.4047627644 66.472312134 16.8263412939
37.0794977425 50.9740264044 12.1775923543
8.65958120764 -44.7070050498 15.143991933
-90.6361351999 -64.9535456855 7.48276603978
81.6652361587 -99.2686054295 8.66796273428
-63.7638280169 -11.0323150032 43.9801679444
86.2957191155 -27.9027526143 6.60983259449
74.0332992309 -40.3217399461 13.8077436497
70.8270035011 -56.7736155079 31.5830580473
40.9937371455 38.355513523 31.833455444
-40.2926096958 1.15665053352 16.6368228167
-61.6837248113 -84.1954741617 54.2574451087
-60.3766705222 63.635252749 46.7457823256
89.1476161347 13.5993583559 14.2667272047
-83.2232835348 94.0219313679 59.9799892835
23.6132997846 96.794056142 29.7185387894
42.5199136194 -47.2211795281 35.0529423767
-67.0520477515 51.2716907019 9.77311259638
-71.3280322283 49.693811037 29.3357535652
62.0385397539 -26.0161770884 33.9554920195
-96.4896293311 -68.0998022324 10.0878275771
71.5519201536 15.0390512546 52.5729734215
-51.3177528773 -53.0784682836 59.8714532728
-99.6288959353 -10.2731322936 36.8876241644
26.5964122119 20.8768862417 33.1516499018
-31.3460801838 57.4669571556 24.9205599783
-91.2488866865 23.6479814707 16.924213651
-12.0409430722 21.0921454974 49.5054447357
44.5578572229 79.9899195768 13.3874174239
-73.1323341122 -86.8061421972 59.1948535963
-45.4503766464 -72.3136550512 20.0340315538
-3.67232993537 -19.8735036067 46.4542191616
59.5182875323 -23.6837318157 44.1925878111
-87.2431040567 20.809569951 57.476052253
-52.0740283533 -21.2796460056 28.1303570573
86.9368510322 -93.6194164549 48.9177223053
39.7684763208 99.6906022168 29.9170993685
-21.7784980922 74.2344052485 11.6019592803
91.6487363978 97.2360056093 2.2547015018
-84.4497258774 -6.15908402623 54.5973718
-71.462056886 43.919080383 29.2685680321
16.5916841993 -55.6051472727 40.8736355478
91.6445183478 -68.6033155347 44.8337842024
-80.230857614 -72.1180311081 28.8775570174
50.7183966521 -71.495757751 32.6735856831
-95.8454813465 -71.3302017636 46.261799172
-82.8055690685 50.745690497 18.9934145096
-77.9107571339 -84.8500106339 38.4983394163
-46.214130492 -95.9879051643 46.7340508731
-18.4967193312 21.7390890432 44.8090342777
-60.215885929 39.6179115355 49.1249540949
-74.0870460697 7.20535365836 52.4867871145
-73.8700418859 -43.3499990619 59.1614291397
28.996728793 -52.9980579685 55.8602339434
15.2999445517 45.8282678795 26.7909710842
77.3059049551 -62.6541972194 28.3565938121
-9.9204502827 6.0289071116 8.2305559768
-8.16722832478 -8.30669484102 13.2644527659
-9.6207893404 -37.1704713473 17.047492655
93.6095957154 15.3251040716 35.0580859683
79.9666390404 77.2307664626 32.6461854762
-34.5337339123 -98.5554730964 3.28827235934
68.5821468247 6.45233632477 4.12103000959
36.5915115247 -37.9325082234 10.3246345573
-9.07202906091 -56.9766055356 32.3605136727
26.677589007 10.6417979522 32.5056508991
-19.7196076415 2.29424928468 13.6679212145
-29.4913406892 12.3923235448 31.9543442727
-64.1551611998 -21.7268835281 44.9811370171
88.6249887344 5.51864248722 20.7413490328
37.6344563208 32.6445786283 57.5806136905
-85.1826585457 74.7039327706 37.2725802849
34.7773721705 4.48379945317 4.07449113046
-52.3151452763 -3.24993353876 19.5836463037
69.2916283914 79.5659500147 10.1721604235
60.0038630145 12.0222484311 7.72164998499
67.8848120769 -20.7254509263 19.8400586973
-11.2725644683 -91.8066465814 18.2524931163
-38.334708544 15.6464264276 50.6669494075
-44.6225262648 12.8479763635 14.3849801057
66.8119237779 33.7170283516 14.6046281096
30.2382464518 -75.4481768142 53.6848791259
3.67647875957 53.7205637562 17.9740810371
-31.351951523 55.2895770229 44.8940142709
-2.47590431124 -29.4451386544 59.0392109047
79.0087053916 -27.9076142381 40.9405212745
56.4574514485 -7.43712096261 46.1063910539
78.8276786673 -5.00269352856 11.8209719596
-25.5581287697 -88.4206582934 57.2020671246
-19.3367239163 -87.2075671584 49.0422968721
-37.6329611993 22.4908660205 15.882442601
-67.8348794413 -2.30956273666 33.6915254663
-98.0549080112 -67.9003448166 27.9040459119
-33.4862804682 -80.5366258415 23.3986473462
96.4350602056 -4.40120211055 2.36177710632
79.8707405234 2.66543885082 57.8314990395
-50.032090362 -27.3558509838 34.3351446066
-12.1091371074 -41.4157522582 45.2952018383
55.1551712795 -67.7471758854 16.906495796
-46.0738228957 48.9058635696 11.8933159352
65.6836028394 -69.7181671775 44.4528661175
-9.89711321229 -42.6501568312 43.9799610056
-73.8303625227 88.3497474438 15.6358404671
99.5225075497 -72.6642618599 16.3155633887
-50.8728875842 39.7536505055 34.7890035788
-69.4781654159 -74.7618929958 28.4217777025
-99.1963927721 -94.0908572084 35.9655355962
23.2106587666 -62.5018941046 52.4605886196
-79.2736262564 -67.2063491392 16.1391325525
11.2563305638 -40.6055673896 39.2588870483
87.8852749038 93.8005157127 43.8176350299
-10.494252028 9.47279053358 33.1804018546
-82.3868143505 93.7089696021 8.12041204418
-37.5320646428 83.9761248284 21.035505232
90.7484493113 -25.6136140301 23.8524168239
0.194636032067 -19.3298239456 0.240304325996
-91.2119012868 -52.7626973196 20.9330444796
-86.0809767261 -61.9039139338 3.98859049633
87.2151730703 24.4333292605 14.9781016964
12.6383348969 -86.8342057244 9.8526390542
61.4278231285 33.8360574612 36.1008357975
0.382927121186 2.39013562896 9.89266385337
-7.6736675427 43.0469780127 23.4114307193
-13.5716209618 -16.8549388021 7.14182909445
52.2786071591 -53.7170226243 22.3756889758
-34.1328510606 -68.7050739986 12.803592082
53.0753570485 -34.7230817528 5.73570713413
39.0497367698 11.431923278 25.4094435732
-8.51041103275 -99.9210751614 29.6794898566
-57.8307886371 -4.00445640084 56.37112965
-29.5115759702 18.3779365205 50.6098065718
0.68586519728 -50.6433431582 50.0201371307
99.9892688978 76.4308164917 21.5462577681
-49.740745773 -90.3100203774 54.4165845408
70.719089447 -57.6787523197 4.0954059336
40.8848268303 -2.67688417936 43.9717425486
61.7427556643 67.5304990931 57.3550093373
-34.195091073 49.4035203588 10.6077303369
85.3264788006 95.2261704885 13.3520038253
96.0165476185 21.2302787417 0.346840604678
57.8772015447 39.5125573328 36.0309181887
-35.939621376 -52.0093286843 17.6349479308
-12.5155840836 -54.8583209176 56.6275332252
9.2487690583 82.5974171618 53.6246011764
-21.6727075923 11.3838610989 1.3218646673
10.6042198335 98.5247983194 54.9691250732
-80.6358547671 -82.4302429661 32.8196721315
32.7166174269 -35.1667827884 22.9884665132
-24.6781469777 -71.5929195346 28.4827244304
-30.9714892827 -41.2437987017 29.3238011486
-48.0423260722 43.4728214913 59.976807771
7.1044313049 -1.22364013035 49.435267541
-29.7730112683 54.4426704407 43.6807525034
-28.1298245091 -48.3269996743 17.4138055108
-41.5058505564 -11.0102631154 57.122358773
96.502266201 -69.6232308432 46.7270375111
-5.04339770757 -4.52908299625 9.51491840431
-12.6868829391 -93.096188285 22.1392407788
48.4625255791 50.9903853351 8.22778215992
86.0734443874 -12.3927365403 43.4757514057
-22.5108021049 -61.0472069131 9.17899644093
31.0678844774 78.2855483874 44.1537355964
59.7233589337 -11.4721914814 45.0385735979
-6.24031142371 -94.6102472349 16.1784684412
-82.7763472193 36.2474965422 5.60793883659
12.5305083343 -1.36082073696 6.25938154022
-87.8575305213 -66.6101172111 50.0127451908
-14.5456447549 19.5217478171 22.6346016292
48.7058417138 -16.0549890234 32.9739898464
-47.8538711522 26.7082965669 24.9493883116
-8.61831783517 58.8747224972 53.6658912394
-68.1510142061 85.0695630263 21.1715348732
30.5007148212 -91.4128333013 57.4877311735
-95.7254636454 -85.643817584 27.8123766985
91.5611601948 -76.211438972 47.718679313
-83.3203748204 14.1926405367 57.5976703985
-62.7340260535 -4.51800384793 55.3468302181
-74.422267565 -97.1273679733 50.9250362894
94.889059602 -68.1853342381 46.7101455006
49.7212075919 -66.4164066024 20.6678897329
-26.3489215095 -38.2222021365 21.845599474
37.9579641527 10.7219797614 22.4205282112
-30.0978381166 -68.4693591168 2.87020045416
0.0764424021477 63.4615621093 59.508867481
-64.4849853997 -5.01643175947 47.5996078376
-66.5769625557 -41.5759198345 4.85735244674
9.69883688835 67.1310400287 25.9265437214
-50.7893776053 -0.998643186342 39.1483774871
76.5512541944 -96.833294263 23.7300532815
-50.8654696742 -78.6602250829 51.6844572063
5.86365353508 78.6784536521 54.1024993168
27.4513463868 -97.4212323225 15.5629801273
24.4429775427 -45.2893557533 42.334464859
89.4575431167 7.98928313426 51.038573608
64.1621139369 -82.8310495273 13.7223004329
7.77055832381 7.48576945771 17.1127704268
-53.8343221366 -41.7885695507 4.63305619197
6.00135851258 18.9978138029 20.340826266
-36.4864413793 -35.0874059262 23.0506998401
15.4733134622 7.65765307936 10.4049385864
23.326705488 -20.8467682684 50.9930281399
-94.5282315664 59.2164992096 52.4121665276
26.2421548429 15.4406305236 25.2230171612
-42.0367716305 90.7843292528 5.68588535169
-9.26753616497 -16.9118769238 10.4212070246
-46.2488908848 93.5031888663 30.8192130816
-98.3894004742 -55.7774598388 2.05341046502
61.7915464833 -54.397767566 1.63270360216
-11.4598370671 -77.2227570239 30.9893875294
61.181185151 -35.725597197 24.3915409624
-33.0772224656 -37.3160746097 54.0244191885
78.585540008 70.9653194847 9.91951664041
6.22253660023 -69.2304855098 53.8364259648
-16.4685163419 -58.9789310226 24.3662691286
35.2016046992 36.9510294196 43.2225738501
-99.8479749606 -76.9151949593 55.6571533923
-12.9315041773 -7.55656371763 56.3253336788
-40.8453191657 -42.5992771543 15.8769197505
48.5456093377 72.8562749382 21.1133738845
35.1492530687 -2.23292588035 0.495265875783
51.6797784024 -71.5234729698 41.5385375117
-98.7032359523 0.0829367715188 19.7994591689
32.2241179926 -3.69110173002 33.603401259
28.4217115609 -6.6907880607 16.2068112735
77.0376523546 -92.4453864082 56.7467921825
63.9859422885 45.861221825 38.5838457054
10.5600071786 -42.2165033243 44.5424317416
-61.2326288937 81.670381749 4.68863770521
95.2157026708 -9.74922608045 42.7852927686
-82.0157020554 -48.8349476358 29.9692246761
70.6431164637 19.5970087461 52.3753075052
-31.4463959248 19.016308141 42.4334503954
-7.38641854585 39.6871481797 11.6428337173
69.5827884937 71.2026133181 39.8917750846
-6.09193718748 70.5374181797 59.8129582738
-33.4712784741 -81.3611888607 23.9607725872
-61.2921898533 31.2099492804 42.2687340799
-9.60647014068 88.9718770142 15.9612874408
-57.0113091722 -53.8504321435 51.181868131
48.6552336256 -28.0953033831 9.14967875348
-62.2683011972 56.2182840153 43.1690735439
3.39079288552 -42.7297857052 13.2586607211
56.0181879397 7.9677593482 36.5115416101
14.0053368989 -79.4392338655 45.1057873682
-56.8588645326 67.2826725351 10.5599452666
52.5728087103 5.42614681021 6.41365473989
-26.4162051729 -25.5133058806 42.6193594588
42.3986292329 25.4249830251 5.02902437048
-9.39376379965 -99.4554869324 42.9684717589
-48.0705264644 -7.330987076 36.2070534198
-1.04495676499 -24.37997328 54.4249120377
34.2107811287 -71.5697549099 11.9763095315
80.4646637408 -24.582040332 31.2429879417
-33.4008209603 -54.2022605964 49.883137606
-81.5275192172 -58.5340915164 0.676571498511
-53.1276015456 -48.730520079 42.8569534046
-20.2976089674 69.6591296319 20.829852894
36.4202814937 -9.75993806361 5.09855901028
54.378388897 -46.6316366704 19.4941026471
2.29955218775 25.5738458632 35.6052293304
-7.47778294236 31.5412121708 14.5640184202
6.53516560797 -24.0232433097 25.7349871888
49.7191239853 51.8017358057 10.1107653426
2.01710582959 -9.97842831473 29.3996603838
-16.7256354265 -24.1019285514 59.43668164
50.0844526532 13.8467093903 23.8935766074
20.4397635137 98.8076307661 34.4001079857
74.8627476172 46.1395371588 48.0920616148
-54.9508074768 -94.5923463901 0.599892337378
81.4376004133 80.4717123426 14.1963150636
-59.1805592838 17.4930836182 23.8977450131
-46.2774130568 -56.5715767269 11.675671312
-58.2592254831 -83.7076209798 9.66938319325
-65.7643050203 -68.8112872699 14.3502666801
38.0709682331 -6.79312437557 48.9801564852
64.4116159582 -21.4256337227 7.45531795856
93.2950565024 -30.4932087219 42.8578752157
-54.1728851883 -79.6293027604 36.7942874467
56.8396314331 -68.6334861538 33.7956825551
44.246940246 -55.6405875719 13.9979420061
68.484336255 37.2572352529 43.5985538421
-20.1518512155 -23.7943431817 49.4807504269
93.6247966512 52.3434964572 30.5881951121
19.5971099518 -7.82740052401 17.1820339088
-76.4006514308 25.3136356259 24.540836197
4.9879297812 -74.6295153148 52.2464993793
-83.9222079067 65.0231052322 30.1867954014
88.9035473209 68.6234908635 38.0497929183
-12.9806451903 -81.7726012644 41.5457399379
22.5135449779 -71.3492955274 12.295815738
33.9953726596 -14.9378326699 0.353997462537
-37.8419869685 68.7368176408 20.2166310929
-35.3885766671 -71.0287687201 16.0853567575
53.2637164141 3.47653791777 11.01862744
-44.9212613928 67.3415395527 11.7880651901
-48.027854538 -75.2438125933 16.9713980636
-30.1440834809 -98.0324283748 24.6430338435
-17.0708226517 40.1215941847 9.40225529087
-40.0915938997 80.3411413347 15.5604935516
51.438780106 68.1446811939 46.2819484764
28.3549222029 -66.5442916087 37.4755666962
83.6674430859 -10.5352773712 11.8052531217
-3.41476691414 68.1998302996 35.8899000386
-72.0766281923 7.01550380662 26.4309814865
-5.48296887018 -14.7509661298 59.2120728785
-19.2531196435 3.9781575893 26.7719314571
-69.3508348868 -72.4665721745 8.54154940028
43.3374564378 -47.3020334335 39.5210381352
-32.9339797587 43.3024054865 33.8161534741
29.8572681729 40.2668101766 21.2260612334
-4.8329970473 3.81296152088 29.9954052677
36.212597483 -33.8078784004 53.439340387
-20.1084307186 -75.9301954757 10.352113458
57.6171951711 -13.5739827409 15.9950348785
22.0479089625 1.1998045896 51.4447015605
-21.3517634743 -33.7846111141 16.1604726618
-63.2932045707 -13.8961180482 36.0586605298
65.8147532208 69.3730546499 21.5314832046
-26.4255512556 59.3178658385 4.42270808628
-94.7219805359 25.38528807 42.2362057812
22.7258754958 76.7211082465 55.4609111989
-4.83351908067 -52.5600233637 19.2112745717
-20.2853662417 76.9038142121 47.4087355747
26.050923468 79.9317753507 1.26349554961
70.6610783733 89.8168301481 32.3413446213
-6.4269491122 -66.8094355122 3.94056021723
39.7880789212 27.0667084467 50.0452911608
42.7861686264 42.4583293048 39.0863050998
-86.9386835311 36.7468845429 0.470109867215
80.7622037811 -65.3121518509 47.1406311461
-18.5731330887 25.8880843133 22.5357755624
49.1928042077 70.3367037283 15.9543252071
24.0226129733 -15.3648586626 34.9439098306
21.0971701762 71.2633903555 2.42329614744
-12.2831840551 87.183277647 10.0919662942
-73.87032098 32.7028819289 5.06109326635
-89.7690142453 12.3311177823 50.3992386269
1.44045930348 36.9069820332 40.2019267959
-53.6176911831 -72.5886419149 51.9394526965
-78.7314596711 44.5925970696 11.1398534111
16.1012198041 66.6061270883 5.33034753688
63.735494711 -92.0378638576 46.2809665504
94.0847442406 9.5717896441 17.4812662417
-51.4699487369 41.7811607855 29.0889623932
-67.6094458145 18.9486298142 6.78953086637
-79.3923510856 -88.7231834689 2.67020380521
75.3841127613 0.535449356919 50.8509381458
-0.155618143134 -80.7171032957 11.1770968959
-49.9973031416 15.1254006033 6.65001011324
11.9230408506 -6.57836609861 34.188537224
85.0734776661 -5.56201197708 31.0012649593
-78.8535950638 86.8095238274 11.5350930746
-25.1085187785 2.40427436889 2.70315496176
-74.823845269 21.9860608731 27.0843731688
-49.1251614705 -15.6625048123 39.785642815
15.983299187 70.6052168567 32.5976846629
-36.8413295791 -32.8690615625 55.8854628758
-35.8242891064 39.0331966487 36.0266174547
-12.2907631232 -39.2516926331 44.9580438641
4.92066514538 23.3648748425 43.0094547877
-50.2317056245 4.56490931841 48.2899635533
-89.2443813875 65.5527589625 59.2721680213
-39.3982560294 82.9010094974 41.5909496854
12.1870283041 33.5025861109 55.2809358592
0.139023170968 -54.6821743174 58.2757553624
49.496900897 -28.4099261724 27.8096944551
-79.8809827238 -41.0268156095 21.4200532735
-67.7213259175 82.1125910371 51.8894906829
55.7988424195 63.9720235902 46.8084395208
-22.229091846 59.7478789968 42.3963498353
55.185283669 -42.254809658 3.49360739422
15.7377715553 37.292134852 8.26000182833
15.6127554093 53.896048749 40.1254058235
44.6946211423 -68.9342255299 12.2258027819
40.2762299188 70.553063915 15.288380794
-7.13657811934 -10.3364567985 4.77125892434
-62.6853157944 76.3922991095 51.186702978
308 159
331 427
123 256
29 452
361 407
53 484
77 51
33 194
175 119
151 471
30 107
399 134
413 473
237 374
333 456
174 276
83 77
394 260
307 472
145 224
210 305
490 370
1 232
143 168
333 48
472 465
362 89
305 258
150 19
108 488
87 428
128 233
118 379
457 389
467 239
423 496
34 478
363 376
34 213
459 119
386 450
288 252
376 462
312 61
27 464
116 37
250 251
114 298
73 214
211 464
450 257
324 45
356 240
14 241
429 36
280 266
115 278
295 399
13 353
287 2
326 349
432 98
335 494
314 348
414 150
203 329
11 319
360 40
474 447
132 106
207 433
219 169
463 346
230 275
186 184
46 210
55 278
418 375
157 299
176 205
363 317
379 163
340 165
116 17
333 243
416 346
394 39
379 151
202 265
483 416
177 77
304 498
69 96
190 436
241 264
173 33
277 377
440 101
70 90
358 240
352 465
53 211
219 67
30 230
409 256
295 182
5 206
154 257
314 367
143 201
455 6
393 327
407 105
342 249
393 182
371 425
430 53
62 490
89 424
314 141
193 446
99 314
247 482
387 92
214 263
127 220
334 140
265 81
436 15
452 492
389 432
370 344
401 261
223 324
284 452
53 200
29 116
347 402
213 330
119 445
447 139
9 1
277 339
331 155
350 212
95 7
46 114
212 438
27 323
338 118
11 148
424 54
27 205
229 108
128 103
95 430
430 1
3 155
114 345
33 216
22 172
30 18
263 169
445 105
420 282
246 20
3 232
448 39
194 485
473 2
292 94
128 431
259 11
29 290
47 341
254 89
99 479
411 364
52 438
365 362
10 57
304 370
368 162
458 28
475 311
1 232
72 314
134 286
256 453
434 83
52 183
465 179
172 375
198 23
175 414
18 417
292 148
351 6
301 252
499 263
115 490
157 170
108 216
487 491
70 453
463 159
350 445
144 477
372 103
159 297
35 29
118 393
242 389
260 58
313 60
214 162
462 424
241 266
216 472
279 92
343 152
282 312
408 455
235 445
358 11
259 456
382 387
167 48
356 415
151 294
499 247
446 149
435 37
70 437
265 177
270 404
198 225
15 499
336 399
178 465
181 450
410 103
398 419
233 135
419 75
34 270
403 211
160 459
8 111
310 267
62 338
58 211
356 416
129 212
380 294
25 294
42 107
417 267
62 372
491 90
299 53
241 211
444 236
129 72
186 246
53 100
363 398
431 133
30 133
75 343
73 78
311 157
319 223
168 71
116 60
109 219
58 197
441 330
198 246
3 42
442 339
283 141
23 239
426 54
53 312
28 227
209 415
392 447
100 5
422 221
146 311
37 149
21 258
168 152
222 411
485 181
187 121
150 220
178 151
294 110
70 33
176 301
377 254
334 366
393 499
145 391
201 443
316 430
357 356
307 484
97 132
320 136
263 73
190 395
290 372
281 217
487 428
130 19
272 324
200 36
400 422
166 458
491 193
103 292
455 378
417 60
219 344
151 27
110 229
328 46
423 358
492 8
330 188
189 154
73 452
123 484
342 211
69 90
99 156
205 192
242 154
95 256
438 346
310 399
420 25
424 327
202 79
29 39
93 356
16 477
53 52
216 240
308 332
129 462
375 49
200 142
360 57
206 303
301 229
205 43
410 485
114 315
224 455
75 25
94 452
187 88
454 79
183 294
59 160
177 349
189 399
413 446
54 107
66 93
325 195
370 108
348 212
91 26
391 25
235 89
145 71
140 37
29 18
440 421
466 336
463 99
323 421
185 91
487 394
422 119
299 99
363 381
32 407
97 196
201 262
171 483
159 291
401 129
192 214
266 284
243 202
267 393
160 334
138 350
205 23
357 243
312 329
139 456
438 79
249 96
86 481
280 221
472 361
259 293
462 137
415 386
159 138
488 87
475 36
181 1
395 18
74 282
375 393
48 21
420 357
368 256
389 255
292 426
35 25
372 499
284 364
123 243
375 192
417 382
32 478
254 356
493 142
252 195
97 270
268 15
469 482
10 275
220 378
299 305
469 373
486 440
17 93
243 181
472 360
295 28
113 279
423 300
179 374
291 462
429 24
39 376
39 133
79 378
140 153
132 250
313 360
3 90
423 236
110 146
151 243
55 36
434 486
133 489
264 290
322 310
148 476
106 293
300 42
7 447
95 17
442 237
264 61
4 435
406 48
186 114
166 317
89 433
122 31
403 246
331 393
374 203
274 384
58 191
417 121
369 280
172 90
173 286
349 280
497 23
178 454
55 159
422 324
162 434
449 249
20 429
14 418
154 239
150 241
288 470
483 185
439 226
36 70
288 462
499 377
114 248
99 12
295 48
475 77
42 437
175 334
491 406
350 443
212 439
49 1
89 278
178 327
405 304
9 77
61 99
235 445
332 240
18 277
243 316
424 245
481 490
146 457
264 94
334 40
419 279
98 19
371 70
173 192
264 476
77 229
488 395
310 346
411 422
256 478
235 197
315 294
276 322
222 488
213 116
145 90
124 366
339 21
25 345
402 365
352 253
72 344
409 4
80 209
94 321
33 66
102 191
124 308
131 88
247 164
381 286
435 125
433 345
304 55
476 378
440 378
267 84
30 128
307 498
283 267
299 246
420 412
187 475
230 430
211 426
89 98
332 335
483 248
66 144
377 444
211 361
348 361
204 42
135 258
446 375
112 341
338 81
277 108
154 462
416 243
5 21
87 373
273 417
314 451
336 34
169 228
372 352
395 228
417 49
107 436
443 420
273 373
393 495
438 477
85 226
114 184
29 483
178 191
467 297
158 106
271 323
158 490
480 67
450 15
345 199
152 419
89 122
357 400
429 48
109 39
390 216
405 350
464 418
16 244
244 9
205 73
5 223
286 207
33 368
79 186
337 258
299 273
233 237
63 475
259 26
302 105
430 143
313 253
447 112
155 38
148 458
458 345
429 496
295 406
213 22
272 228
320 355
265 473
19 287
468 263
326 110
314 310
216 283
416 459
390 494
488 446
130 398
176 236
349 120
11 484
99 434
387 99
416 102
401 232
351 329
359 211
254 105
433 228
268 382
350 425
274 199
348 307
206 86
141 475
377 196
328 18
340 99
451 285
183 99
156 73
28 454
208 320
371 83
24 213
86 50
461 292
208 224
215 358
79 459
39 432
33 220
227 154
259 305
373 142
284 24
111 11
194 231
224 167
245 377
485 318
173 134
366 8
191 145
60 423
460 400
440 428
449 406
464 220
99 15
267 468
362 435
21 184
172 372
160 64
68 216
341 109
141 226
97 331
11 195
2 339
328 450
218 349
232 69
433 234
319 361
348 392
147 405
25 265
456 461
253 348
301 125
428 349
98 444
248 493
103 383
47 398
182 356
217 356
215 342
422 233
270 370
426 2
484 96
447 331
346 120
136 190
73 212
232 410
5 89
341 238
432 56
322 312
447 17
130 63
223 293
368 481
85 83
37 480
51 440
203 288
205 471
453 231
258 109
444 351
22 456
329 79
131 11
416 60
490 81
314 83
96 232
369 435
25 128
365 491
76 46
188 75
113 16
460 301
77 281
465 264
114 64
257 450
64 133
97 81
305 213
81 224
480 353
300 141
332 259
96 296
291 393
474 162
372 203
193 390
38 346
44 394
151 279
