1000 2000
-26.2703582722 59.3311161266 54.9333663145
-16.9745894031 -87.9500169277 19.926314913
74.1519322445 21.8054647784 3.93058908447
97.8687969588 6.6504481094 20.889378142
16.2879742791 79.2433006883 16.1471716352
90.7522180415 59.6485135439 41.4032119109
-96.1404726483 -61.9746335258 37.4741601752
6.80659626756 58.2948406019 40.637164262
-16.5250423869 -80.3471100157 41.4763483558
-43.8485964773 -37.5983061689 4.1021622357
40.8052208683 -88.2616461705 21.4268135148
64.6802769922 -76.3796490424 2.9786252791
78.7925612982 -64.3148544598 45.7533939246
-69.0246189238 -39.5419037188 31.413348147
0.857392837474 -34.9956933 57.0486116639
1.95989848392 63.0047061689 19.0623799173
-8.0053831613 -11.5860709227 5.10931522493
-71.2180614141 49.5318503446 26.7015031121
-87.8677028055 -80.9355393755 47.1444533737
-36.2472787879 -42.5000677411 31.6640568635
-49.2060977183 82.1290923879 4.15303900193
50.3144205157 47.8861624924 58.9348400271
17.6964342195 -85.4303876187 55.5040715604
63.1034049241 -42.1708932711 25.5879898394
87.1080724732 -0.61844096052 20.7336093732
-79.7738920868 -92.1514453967 23.4969887616
97.8495408771 -61.083509575 6.53621865109
71.0672728296 -89.0949182395 23.0089692964
41.2860393163 92.2486276308 50.618657809
64.7654488126 -39.9500100435 57.1430255711
-63.779688364 -48.7096423627 24.880958101
71.7475204004 -70.0068645768 34.7211141559
21.0157329407 0.730645487102 42.2474630609
73.6907696796 -81.4035223648 20.8222176497
-89.6820966102 62.063791466 57.4883619017
-63.9598338642 37.2717978127 6.52171364671
-70.6590725158 -94.3425700612 52.2731836832
-15.7291724114 74.7235916557 20.0963697669
-54.9677494659 -86.854786646 5.36586508351
32.7420864159 -20.929703031 11.7678151103
-89.4659350724 55.9534701365 39.5344310254
20.6902392968 -38.9577622381 42.7419130324
-14.5262171122 -8.83115899529 34.8123121054
43.0473835832 -22.7146691298 4.35116193601
-1.39896408775 65.7203726625 36.2610406895
3.18710986586 -73.4933302007 16.987223588
-70.5094737814 -27.2614536369 44.094063227
4.39266185207 -79.287909531 50.5009898928
59.2997985661 58.538570249 19.9478080493
93.660030658 -13.5468083989 22.2851684261
-33.3678595476 -21.8725961537 32.8985734323
-90.7927927466 -37.5077540069 57.9165483606
-1.04947488613 -60.3628737925 9.62172376939
49.609822495 43.9475901855 5.21481601083
74.6100509246 -6.28687923817 24.8829804183
-91.5584278491 -14.6888132464 34.8688949411
-49.7512278175 65.7044432433 37.2395844534
22.6113878936 90.0471825629 8.03024098909
95.352287407 -4.36449263832 9.75775844976
49.814596197 91.9841006481 35.5734607904
-96.9082478389 99.6305164604 15.6242093806
23.5654474802 10.341267791 9.02536766511
30.1131144144 24.1191600568 35.4910913178
38.0955238317 62.0208689837 8.43223373323
-10.6324579802 -56.0691336395 4.64467240124
-90.8355610329 -6.05665382363 23.7215384152
-44.9276899984 -93.2712761502 19.6985009134
64.1625106332 75.0751395809 58.7862767938
48.513009072 -35.8547223432 36.339185437
14.0782936181 68.5022350135 6.18684179475
-5.43101899649 -87.0964702909 16.5019311328
35.8625008521 -36.8370551175 40.5541368562
-24.1820281152 -30.5647709029 26.1744914111
53.407028071 12.8445224826 26.7990736631
90.7829149447 -71.702518969 0.157459856403
69.0253369269 94.0854981886 41.0256574367
-68.5093719259 -26.8091791861 39.5138258315
36.7472192467 43.8496645791 47.8187137462
-34.35658277 88.3714852477 53.3323806636
-77.5637820758 29.2480616184 12.552836285
26.0065621087 97.1070252389 42.6572652966
51.3189987518 56.7635849268 29.7810777669
44.7469122149 4.9758635471 15.4550568542
-11.5946541196 -56.185475966 52.4862688718
52.939348624 -42.0100747149 34.1295928348
7.61642139338 -99.7611420941 51.1325845757
-5.7595780661 -83.0155211318 48.4627820035
-78.4353897685 80.6246838243 39.1159010266
31.6711602832 -85.2942854678 45.1626947469
3.72673275812 -18.1608600974 8.36899664348
1.10979020533 19.1654809585 9.52842849435
74.6886052721 99.8537875236 9.38253295934
13.9955640218 85.3701237152 36.0823748206
21.097597076 4.66338956482 18.9032001913
65.1479842348 96.0707323491 13.5091053731
69.4426743124 94.6949789302 8.24298729272
57.4731233875 -98.7919296821 58.3004091263
81.5288624727 -37.5373322053 43.2359649169
41.5783576534 83.8043171302 45.1102043337
-43.3943348136 -39.9181130856 18.979851123
-34.4339186113 -19.6704306087 34.1374469107
-96.0920820035 93.2224511749 35.6730659143
36.9818014265 -26.8205598382 13.883913024
65.3571238475 -60.4399753723 51.8870652351
-1.07710539719 -43.5918071298 5.48999596913
-44.3403792523 -58.3302483773 5.65080337088
80.3711026121 -2.9400552536 2.1810473882
94.2996290948 60.7268113376 1.44002051269
16.282285667 -40.924975385 10.2689817952
87.4531138221 -25.7470382123 14.7838570472
51.3948294221 -45.4433458932 39.7471132806
40.4712231404 60.350493599 52.9283657078
98.9233796027 82.9689367947 37.0471778305
10.0976369451 87.4537630134 31.9337802947
84.8078015293 -81.2665181527 57.9948056151
-70.589226782 51.7983109974 42.0947894307
-34.0896103124 -62.2781809527 21.8995520993
-61.2591031018 -17.8889539812 13.1848362271
-57.5260754279 23.020608891 11.8737740567
94.2028448833 -13.5298074366 18.3945418942
-30.8633881301 -32.1271731834 16.514372786
87.5783307817 -46.3049599931 19.1989974323
-68.9827472763 -25.5218821206 21.9866835642
-9.12389467537 78.3791204841 16.7294072294
84.1844542522 24.0508374248 6.1313130614
-38.8376791989 40.8412101219 14.1781831436
1.77479244194 -15.5724862356 51.886994901
-56.3992576763 15.0590490729 23.0900567962
-96.5863158743 65.2141058298 13.2245149333
-89.9666641777 12.1670544202 47.3282860689
10.8574649308 94.7792286645 12.9736406999
-2.15212770899 49.0944539395 1.5920483963
89.749658848 83.2213800835 42.0948291679
-81.9987063744 95.6986272622 8.10814040311
29.7211470005 22.4539681161 57.5783542147
27.6552459051 -96.1067425392 0.362841462387
-57.445102636 69.4107488445 56.9551627356
-76.0897898364 82.0301308753 43.2002285771
17.4344217031 -16.0222765805 50.8248414371
4.58472335845 -59.3111751374 11.3087803692
64.9751749313 -7.82215798773 41.0826021497
28.5125763567 96.1093444765 26.7099104996
-40.4841895985 43.7165239818 53.7681632723
-30.9320186605 -21.0186722196 49.9728099781
-72.596747321 -92.815485127 32.2190062794
-33.9072260287 90.2599960908 29.9377841423
-88.8096030148 -93.2737313498 15.7981768128
49.6823440072 8.02448778462 21.9131410109
-7.98113548223 -21.4172436024 34.3646264954
-18.4731146448 34.6165216271 2.50542802045
-5.13729939908 79.2968610336 44.5908200377
27.4757056213 -29.0583611022 58.3683141085
-19.6229111513 46.6687963589 19.708958146
-7.46250666846 19.0380224552 24.1138793039
-48.1736529802 15.3909141177 1.16399123227
84.925360171 53.0308414352 27.7211875471
-31.7783998071 52.8756609582 35.3167768654
95.202577111 -42.3752397562 17.1961436413
44.9715220593 -68.4142665411 24.8444142368
-58.6111093693 14.647929933 43.3438545283
12.2888425046 -87.7988038131 4.59195459461
-94.6567309008 -27.15273511 1.08566601842
81.8626320936 -87.6056315322 7.61511445996
-7.33468761649 94.039028065 46.5718838079
-10.9117524143 52.8794062787 30.7215785335
20.2073202381 43.215917477 14.5903895217
57.1798892765 28.4301552722 18.4687965463
17.2220686659 -60.5843922595 31.0194638199
69.6791157781 -53.0049832448 5.38471094538
-16.4597372825 87.5228929697 59.5589955461
-20.8259313752 -80.7331285838 41.6898157257
-22.7350922166 50.907009743 8.11419749498
-81.8231580826 -37.12304884 59.1558513222
-18.7723104693 97.3192802492 45.5396044539
63.2650929584 46.7394716513 15.9050419993
22.8852415629 -93.9929829035 56.5107466966
11.4476445213 -3.5026291852 4.65777006709
-21.1643400507 25.6541975293 42.8860931262
-4.1948044354 -75.8428894089 9.81493059534
-56.8904876011 30.2578246048 47.8741011245
-14.4132697926 -89.5114788119 42.8775304943
-94.8864747747 26.6117328109 50.126924402
-46.622238826 6.21855158167 28.2788430887
-99.6569459199 -82.1696563027 33.5934474643
53.7486441744 61.9134362126 31.3889084353
86.4232773104 -46.6929824819 11.9334161481
34.0721110298 -89.4512734724 21.2266124735
34.9842914843 -9.67897019336 49.8699698513
25.73442112 28.1764106436 15.2709528483
0.984465359943 8.82471980068 32.4109851172
61.5259049935 9.81909190675 1.51192401355
-57.0055414659 92.0879190485 0.711892866022
96.8335537631 -74.1078338788 2.78663757113
-70.3368644274 55.6778196959 48.9446434936
86.1575293059 -85.5176807092 44.2983738815
0.92042679114 -89.7995733265 11.0334026804
32.9335008299 76.2930957035 1.33078568709
88.2083310951 67.6626770975 1.02791435272
-99.2212307095 -45.9064652901 34.9463836571
-14.5718250731 -46.8148106241 19.253055009
-12.5781243466 -5.34826911053 37.7681785219
68.6395494858 -60.2992400159 4.68296556729
50.0108105607 -8.87940689676 1.28234949684
-61.6361035849 -4.3632407662 56.3466193653
-65.1632800939 -18.4193157577 1.05393546558
-71.5147116872 8.4805927684 45.2341118249
-3.80616472757 -72.7369593114 36.0622486264
-21.8631279763 -53.1495154915 3.6933073518
10.6682672008 61.6852100156 1.75716639858
-75.2257215994 -64.8198162893 51.7690219049
-2.48327259452 18.3894333351 54.4232187968
-64.9409415581 67.2772558434 6.04760494583
-25.1803855452 40.9728284996 38.8981127384
64.8737268752 -55.913924022 38.8694893787
96.7861687417 -36.0402685798 0.7317677838
95.9434749946 -87.1073720789 48.139094647
-73.840679256 -88.0230575156 57.0437960275
-62.9576992724 -74.8304179503 20.2283170334
-93.7402276742 -64.5204450808 26.7081430382
-78.8927756944 40.431565372 56.3183585389
83.6290723732 -71.5267435915 37.6339064727
-99.3736443959 -99.7303181387 50.3607725017
-52.8414361127 -84.3748172894 52.0405431659
-42.6368112653 98.9191441242 54.5387812029
3.93711749428 1.34037984533 25.0924131269
-12.6323639146 -33.179297626 4.80568747476
6.24615785595 48.4515296809 31.7248863189
-85.6512386818 7.65454111075 1.6345074861
22.1838001244 -20.5033009481 40.795014801
61.8200691058 8.03017099516 37.3934406631
68.4144182463 46.1406821422 52.4706211788
31.9198338025 -31.2855518267 43.2605473699
-92.7681142308 63.6134541106 14.9851092621
32.1720571021 -23.2713994416 10.8737295426
-69.6150401899 96.0397184614 21.9819605578
-89.9035742606 69.9301702128 59.827853805
11.0441895588 -30.1508067265 1.34778233649
-99.3864254877 -59.9222145294 51.9218402022
-87.8347135989 -6.4106772705 57.6788191929
-59.9082831785 9.38353265078 55.3059899769
32.0124626748 -70.1808596966 11.5710123487
-50.2749303328 51.147491139 42.9525949602
-71.6604654137 27.1734675826 57.4511996695
-77.4445964772 -95.767315158 36.3428647492
-87.6635092644 88.9208911345 24.2952769597
50.8134813069 60.2302186962 55.3698947472
-26.8172825727 59.1271129165 27.6960892691
66.949570099 -29.4673749119 18.978268792
-15.8013935438 -70.8871497584 24.4229823257
-57.4731339323 -52.9627078217 21.5304336999
-6.35309030222 -98.0204438534 46.3708211981
-12.4526556011 75.8704781267 7.46106790523
-52.9965601153 31.2667502315 32.1775052987
-84.9211368264 -65.6786550497 24.4086971567
82.074023873 -53.226259034 37.5428001394
64.1360122274 -64.6116357175 28.1167246333
-13.1680614489 -53.2791066392 54.166898663
8.88480155782 -48.4956725956 44.3659496938
-80.0234094187 -17.8586140145 8.71919246939
-99.8437151204 72.0351665026 2.8270691852
42.7378003083 -33.297212829 26.7680835378
80.7714913295 -23.9361292423 20.794453594
-1.80075293724 74.9708117129 8.89407930346
74.4045667235 -92.8697861372 31.7107706786
30.63839775 66.0853231042 8.55578956259
-39.4991086682 95.5238248342 16.1002537695
98.9492797024 92.1444598977 34.6015530171
85.3441138377 -63.8590680158 51.3925688779
42.9292785968 -60.124751866 0.447035566593
94.8047976239 -76.5530015123 1.06722362951
-33.8430228572 -78.1062986278 55.095525168
78.0188015599 -15.4292304364 50.0940956718
81.9349711564 4.11802730883 38.7460845241
71.6399835189 43.0122512456 1.55688915742
-20.9130231947 18.192003494 39.9840550916
-26.1868682583 98.5233049993 42.628159632
98.5385252726 54.376310787 34.6696939113
27.9060229403 65.8927499128 57.5358557398
-85.8222989044 -44.5228215035 45.0379845287
60.5488538297 77.6231662365 5.20585348099
-94.7665366044 28.7238886453 49.9664985919
-26.7869284009 -61.6220351675 57.6952169771
-48.638344706 85.3457441035 17.4700493787
20.342706972 4.7548772649 42.4927066863
92.1952952273 -7.80627443242 20.5348279552
-7.40161143425 -80.1809967238 3.80405433042
-85.3580854248 87.515161915 38.1472939195
-40.7422850642 -76.5126660341 53.0158552232
-38.2223016344 -75.7971169353 25.5406836415
-43.5486986985 -67.4274609944 59.3481894008
46.1272777375 74.0261899293 57.2539985515
-8.90232988456 42.9217526372 13.9411511262
-37.0091538596 61.7271318364 50.5149703883
73.9476472557 -17.7836015059 41.1267388214
-53.1969872092 -56.9574169194 11.07095266
97.1988677188 46.1335403501 52.4422087333
-58.8374580233 53.8567785588 36.7382933369
66.7324299357 7.42959832285 45.845210441
-90.3736381774 94.2856497629 16.0675442333
86.2564868087 1.40863236727 18.1356559858
68.475093008 28.4955576079 28.0734257107
-63.0324761921 -4.5670790822 48.0963668052
-77.3630259231 75.4747658 20.0089416579
40.5403318768 5.05156496236 35.6659345249
-54.5171243002 39.2845563174 35.3746894167
61.8353625964 -37.5176799934 20.8909937244
-14.4976960359 68.3036223703 57.4090804442
74.7528233996 70.6591049585 37.4923929096
-97.3123128228 99.7941231603 11.532558097
62.493282477 -10.1853694257 29.0115629703
60.4844031597 -37.4841081514 50.2218894089
-2.65952671098 -24.1359683244 35.6914251478
-30.648452173 2.30421454885 3.60308810107
73.6498354431 -64.6905298383 58.8126903928
36.5603409642 54.7389582167 29.0242727112
-6.47038301554 -85.2433144807 24.8951930996
-28.3360693722 93.3426645879 7.467556071
93.235832685 -32.9490804489 0.482110924356
-75.1219375399 26.1895128366 49.1404347461
-42.0377061678 98.203491182 24.6886945449
85.1364435931 -64.1770952476 4.87710286758
58.4374452467 72.1296080848 17.3421365727
-5.83089272035 -38.2878121472 6.14537380791
71.4954189462 -52.5328739988 41.5126937265
7.1569562891 69.3429018644 52.9764939866
-69.3713110768 71.0375690247 25.3882021959
-57.5174545728 94.8717923927 26.8615065639
57.5091941645 68.3020304735 30.0056700108
2.61872365125 35.7942903202 18.3847644142
39.7398735902 28.0671563143 38.4571062107
96.7570345057 27.4750928906 27.2515044369
-3.3362554032 21.9121065814 47.2332661515
85.2847302958 -99.5495076353 27.8310466499
16.2716099405 94.5244335106 2.4373473297
-62.3677876406 -77.4082509257 5.9760519492
-50.9941427566 -91.8208967243 49.1713277886
-20.6949085339 -60.9251319604 41.4110532895
-36.1427622947 44.3258911787 1.7093981328
6.65257007645 -1.09288816322 28.4810378476
-37.1829932359 -23.1699509641 15.3681593829
-18.106776865 -51.4595934591 31.9014288201
-29.3992022935 -50.1867461007 54.0135081538
7.81806579788 -21.4597559098 29.9365802917
-91.1887879689 42.4843013963 56.346139217
-43.401546202 25.5094997508 1.72275940572
-37.3668104207 -90.4958593684 58.1462009722
-40.7324703114 93.7779396159 43.1389189836
-56.0004580509 -6.93360624584 59.1268989812
-23.4726747164 -40.6002671482 50.1904535729
21.6166358989 43.8421206391 8.13123233654
23.4771044334 -35.3994681531 22.8383665349
52.9281394681 -64.2765424282 12.800028142
59.4079054788 -41.4561219837 35.4477852735
-53.1345547762 0.911746543969 58.6997483581
10.0371827335 -28.8467063738 42.1101231376
9.96887937921 57.2717757291 6.4459438951
-54.3747592437 15.4237352926 12.2958538601
55.5773319541 40.9270929788 31.6887125342
-65.4807797426 -38.1545499668 39.9567964159
-27.5156163833 -44.8434416929 47.131050133
30.7325919013 99.6238750776 32.5481907419
76.3801263256 36.5719869582 18.5294967981
50.7063429754 -30.260393067 42.6263300965
12.4762464918 45.8271062202 57.3480740299
58.1608678511 49.1854819691 32.6708708273
59.4526678169 88.2040800794 47.6272904641
-10.0232060477 83.1520889696 48.4984609032
32.4291352057 -7.5995632937 7.25200890971
-12.5746527587 57.5672847048 40.2100494615
-31.7105929987 -93.9954230713 53.2173756474
-73.8564109563 -46.2479247832 59.204971292
-87.1792840203 98.5284126845 28.4399077164
-97.8153881075 4.22040825979 49.743790507
4.62415577876 44.4459667492 51.2528798711
-80.2236457114 40.0139897003 11.5619326247
-82.6404895774 -32.0303824662 38.5706932138
-43.8107051641 79.7019802058 33.3400745072
-9.65573493034 5.41519399782 3.65259580839
90.2323989536 68.6799000834 1.46068358725
80.85271046 -71.252607218 41.2194620221
37.9379174638 -69.742226069 1.33066085616
-91.8751755386 -97.826439322 7.70998004137
11.6641145707 -76.8875990396 49.0187666003
-23.9067400202 -62.4526460692 25.4616658087
22.871474456 -59.1924024437 26.5574741346
74.9993816666 -52.1883035653 49.800705396
-31.9907272298 46.3471819457 56.9770676485
92.9036971355 79.3996614522 54.7578602566
1.53477655295 21.8811292827 53.6480795467
-65.5857035728 -69.9394533754 1.12099191313
92.5360927121 -58.0082498116 35.6056694372
-4.92378863658 -24.3003294762 47.8524495366
75.9558085431 70.8536354752 52.2408540911
41.0115168641 37.8578676301 28.2217403306
5.50368776153 -31.6617145415 17.0969609989
-66.1647324207 54.6332829973 54.7359782405
38.2346664437 72.2455786983 30.2204416633
-46.0579360346 -33.2642991736 48.2183346737
-62.3871696916 -67.2202014352 6.11836397855
-1.68149344233 50.2835964473 3.9986735737
84.1365751913 -1.02743579987 6.44241111523
83.5126530708 13.8687095304 3.17941839923
-19.1772330699 -79.6034826931 34.216924211
77.4595319648 -59.7483955993 47.3898845412
-71.8799981334 42.2597687122 15.57596987
53.9487876586 -77.9662818543 59.2590075729
-68.5016485943 -29.0515742311 12.8154073317
49.0434758368 -34.7644491531 17.3790844397
67.388658835 4.5859142978 37.9633052789
-40.1002892864 54.8072731129 45.7350325131
-62.3777078242 66.3143629307 1.79317178379
1.63071012365 74.1821337413 41.0325219656
27.9020168167 1.10293062973 24.4601886393
53.5354705208 -23.3117344804 56.9296434913
8.23942812568 43.3578013993 48.3978608932
-25.0386167859 6.19155758587 5.10387087587
63.2400528736 -13.416072509 1.56967959268
-31.3142065801 -25.4936814183 30.6132710188
-56.5240110847 -19.026427969 7.54692378886
-42.9049432691 90.9553760903 49.1596021365
71.2150685223 -87.8704440466 18.7564449636
-16.2162617545 -98.0926788238 55.941834217
-27.4365909777 -9.02076465782 9.36536935394
67.3675477972 90.9694840492 21.4973088591
-78.6814964279 -85.0330202624 10.9075406142
78.9696791653 85.352467121 28.7053728713
19.394242023 36.6472470076 27.7644185684
97.393893173 88.7654866891 53.4910697179
4.13978610163 -56.8860379467 47.4689778134
47.155256043 34.7275991562 30.5714948864
-70.3626463771 14.9816861024 10.7783427374
-19.0038703827 37.3169641958 22.5359289248
-63.2737754366 -34.5340083205 50.8537370183
44.6000194295 -15.8558893425 30.5406389021
53.954411149 65.1684285929 7.18698241652
-84.7887114731 -90.0279367635 21.9257189767
-33.1027454375 -12.1755533038 29.6595048573
-41.772930015 -83.1341676228 47.737044858
64.6932203767 46.6900918793 51.9624839371
-33.0411873967 22.080676789 51.9733215063
-27.8677047924 82.566133513 30.0208616873
-0.949748572731 26.7476606272 30.1647371007
45.0891176033 17.6199864678 44.9166012004
80.6871912045 48.8393296218 0.651295606027
77.9865387 85.1058975516 48.5049945498
78.2824260782 27.7611416211 34.5224858601
92.9505557697 -58.792833104 24.6789189618
-49.1802255214 -61.8240858363 20.7510841056
-80.9185364735 69.0700120831 31.7317821216
61.5502014057 75.269131263 32.215721029
56.9301497663 -76.7884877578 11.1351393247
-41.414894716 -1.59943373079 28.5821885518
-27.5330515781 -14.2581408967 26.4280238647
-16.646380833 90.2739624092 52.9509657421
38.2076329298 1.61043886663 16.6226165885
-52.3851787155 91.4149643936 17.8261753632
87.9991903658 -78.6077818519 54.43141114
75.8739296385 98.9206616562 27.5727680506
-1.09980904573 47.4993873054 40.1997450187
-2.40169499545 -18.1480067188 51.7743180896
92.1078630242 -59.9640453727 27.7697084568
40.6115067682 75.4398838275 48.2157454299
-38.0714338173 -56.1846746249 13.8697532496
-80.2578108239 -5.73812354411 11.594780158
1.01301331407 -98.9133324809 59.3908811747
-53.8970943856 47.5230449808 26.7654771892
80.5791592752 84.251389197 29.0721315781
-55.2182064713 86.3887558454 11.1210500161
-80.3188043755 -53.2083390172 52.5206829157
91.8998126899 -95.7389047739 57.6762155841
-75.3438858016 -62.5242438778 13.5297554842
4.0130226512 68.7093823554 52.0023655273
82.2214093203 -64.6970508695 42.6375351212
-96.1167559386 -37.571437857 38.0853492811
85.7551606558 75.921456191 18.6461649877
-96.372272889 28.432716951 9.90675900727
-4.40031049384 -70.4100378566 59.4666812004
44.5896761783 41.3079357391 8.22625045772
-99.1857385363 -29.5822136975 6.95756810471
-58.829738945 96.8490519096 46.6351348631
-74.851075569 -85.2925615822 12.7947131866
71.9838390322 36.5912719239 14.4961847212
31.810118884 -36.2247269852 8.6970712349
-16.0151580676 75.6505197674 46.5314231826
37.311297997 89.3342920471 24.6015798579
44.4908345722 -91.2791674151 57.4383680539
77.6544429888 48.9504811938 38.9564692024
28.6970388911 -52.9108955662 48.9072892886
29.351027169 -31.697928312 32.0265581482
6.39000063066 82.3458186877 4.97327442119
22.1236175068 59.7882146201 21.6792698108
27.9366789806 -44.3530590292 14.2531594024
41.7517325071 25.5004215067 41.2021839189
-7.22158648975 -63.7128637434 4.08510370079
32.6515047608 54.777933422 33.2952777971
81.5401216714 3.59064471061 0.128257006499
-42.6576608164 45.5236422383 8.71346634758
7.58472756239 -57.6947680563 44.4841699677
70.620913318 -89.473660642 30.88023293
-93.0781703238 -98.547306669 45.2153010657
-2.88007933715 -3.62365771763 1.09364347861
-11.1991699642 55.0143314787 5.70554982746
-74.6841505113 -72.4202941481 16.864961198
-36.9007771563 -97.4547885792 35.0471828454
-24.3685339087 -15.170293002 38.2499185018
82.4093392076 34.206519838 37.3776881557
86.7236049788 32.1375885407 11.5252049738
58.0282514647 -33.6378233547 43.0531583186
15.3307241111 -30.6699591541 53.3844081575
-96.8130435711 -99.5348267079 40.5711877545
-59.8641018676 35.2041100089 50.4168011143
-2.4163651353 -82.660379205 7.78793945963
76.821452858 77.5508123475 14.7907826313
-82.7193522649 -86.7918675207 39.1675507469
3.27626404217 21.6796157278 22.9419189227
-31.8651158619 12.0891786735 10.4519050439
-63.0346395126 13.5076666268 0.450052364691
70.2641817566 -52.9751453974 17.0632406915
43.1142508425 -44.5488954478 1.85197484287
-0.0358133824965 -68.7607015632 13.3866637491
6.24860510937 -98.4202175336 35.0477241019
83.4345906353 66.3107712014 23.6171481026
-2.19908705148 -39.8561284886 26.1642456154
-56.8842573506 -15.5444483965 21.1891599918
97.6309409678 67.4384274177 37.0689860871
-59.3793934791 4.97272179313 8.44501768554
-18.2577177206 52.4022043816 55.3111735071
23.3650737915 73.2893552302 41.3227740958
-29.7396103798 16.3563272469 31.5261184888
-45.9768564849 48.3495481477 47.7861368338
-71.5732460743 62.6711848543 46.6106811315
22.2658154393 28.0699973199 15.8763229641
36.0433589002 43.3105995129 43.7347193133
-79.901120561 23.9307715019 17.2795005539
7.67499997802 74.7827029082 23.8079911923
86.7330379656 1.25893337667 49.6204905573
71.8348262792 -47.0468339024 8.09528729725
-46.1608319584 90.3737783503 16.6274337896
49.0405362641 -60.9844502277 1.04801052569
-1.91290776866 99.2710524263 34.7264004412
-44.3077602072 12.3689288222 23.0776930831
6.26730069966 -51.4321022142 0.800902851389
20.9803771822 88.6988087537 56.9741179874
-22.9036634182 -54.4109412177 7.7278245788
-52.4523759189 1.80946295558 27.9255882093
30.9970570432 -98.7446921179 28.4460542639
17.5693464791 -6.50000876083 43.0362201366
-99.2082578307 11.7842617932 27.8246703847
-84.2044250597 -66.0402542999 18.7322913481
47.3251728849 -69.0314579989 37.7956017804
60.450407105 -54.6241614501 39.0012852686
53.2053615601 -66.5110098842 0.868933956948
32.9438655279 45.592499112 10.2935195618
-10.175441784 80.9678675083 58.5360895973
44.7265230937 -52.7808283022 3.5965260226
-49.4410475274 6.25315588178 10.7344135373
-2.11462942513 9.26133863227 26.4776591879
-45.3503775699 69.1214162576 14.2801009862
15.9387700071 50.6163021923 51.5526416758
58.3732664607 -82.4158260574 6.12636230167
20.6267301507 75.4050445434 40.9599662118
-7.3605387466 -85.2685432507 1.59950637509
96.1269562659 91.0472846929 36.4921475917
49.1597256451 -87.2078739183 14.2734875273
54.0101937432 51.9343048108 8.42443314197
-72.4247601824 23.0614471725 16.7711973043
15.4856433353 -19.8600563343 6.29475603518
19.7628790502 0.234025890323 51.7771154796
-97.6907968412 -22.4857475277 53.2072440497
30.8481176682 -90.9295846549 1.09042842182
53.0921205751 -87.3248077884 28.5468449305
-1.79405621465 -38.1156684308 31.9640330696
-73.1963245503 60.5049882525 54.1838378794
-84.0861044937 48.0203152733 31.9483215267
-26.3235389457 -61.7874474499 23.9830205314
94.4001818536 57.6326820247 26.0815203028
33.590309978 -29.9036793937 16.902786622
-4.401185176 12.2582247848 14.2869885513
-56.322318009 -57.7167395634 53.780367038
7.36945290927 83.7723764098 12.1544158824
19.5005106158 -14.3991293593 29.804857569
-23.8237299988 84.2621010058 42.6708494373
-39.4582174483 -43.2121741356 6.6015374015
-13.0843748046 47.3220788125 28.9158701197
-20.3585743823 81.2366203876 51.3893435179
41.4019487147 19.4215418354 18.17162292
-48.8441026176 -88.3833640203 34.2134804082
-94.2920413337 -69.7133990796 33.7227655391
42.1619661597 20.0429272781 5.2735776057
-41.1197926293 -38.126096827 49.7580332267
-57.3079513191 -55.0768565487 41.7617951182
92.5324247108 -42.6365189146 8.76107103912
86.72947127 94.6113435459 54.0133703681
-15.2010406303 62.80635908 19.8543627015
-1.08212864504 -48.2248248577 14.0366261891
-33.3578062639 99.3044743086 56.7700745083
34.1556505018 6.82586388096 15.3145270902
78.993921969 84.448527721 20.5267306521
-23.3647649028 -66.0921407603 24.2637907674
-74.5143881434 48.9695661908 39.4490998792
23.1632730833 7.58828600311 29.7544736217
-46.870358269 -35.1652880965 38.0323399353
-68.154554437 -72.0399129025 19.7628700456
47.9695926049 81.2593529664 45.0575628148
45.2788499796 94.5100033994 17.760061407
49.6264626793 17.1573257392 49.7623907356
-81.3265074502 45.3783885086 40.4859525787
36.812915689 77.8722772073 2.52747816556
24.3020507457 47.5436016698 15.9695871012
75.9765266163 -63.0668974533 3.20829357829
26.0829981335 40.7132853917 10.0314791668
-62.8004599084 -81.5952598704 50.6377091405
-73.9355576082 32.9732006403 33.9135783152
19.6875984251 -15.7743508311 2.66556023774
-79.4669508906 78.9907647622 12.7080750133
-96.4384134783 -83.1392508036 27.980338878
36.8162917329 43.4049204938 50.4058158998
80.820747877 97.4665080378 29.5878795147
-46.8634298674 41.9913926145 17.8827830996
38.1260688151 51.1812053721 39.8208952456
-2.29780042716 -62.5894673546 11.367358315
60.0156533206 42.2179228871 47.3384608463
7.95656430749 51.6015281254 8.44687948515
38.8848502803 54.7548853755 11.5604797108
-54.7597342308 -88.5405936082 38.8079531047
81.5038793979 -6.74635162388 25.6327434432
32.1615929024 -23.2258998531 6.18362352511
64.6151395674 -49.1953647284 42.1001913571
81.6235737905 92.797552033 19.4043177549
59.620602475 66.1889252603 26.1501405181
88.3330634989 56.9492755355 21.6270850856
91.2146553334 -91.2394973441 49.310596441
56.9138336607 -53.8357959699 49.5900278543
-77.039938995 -94.2720974174 22.3851675109
-52.9885667306 -80.1156223326 10.7524282233
76.3378223136 -35.0402747182 9.66684016976
16.4798142693 -27.8153103148 3.71279335618
42.3895655729 -95.6559981486 59.8175327931
-33.9571643954 -68.1117985135 39.062826138
5.22410243547 19.6175676593 31.8918063746
-47.5622884108 15.7039497318 27.2121624838
-95.4713580194 -1.22774502034 14.3872975688
-17.7711461447 -20.2098186508 49.7240009933
-87.6101873711 -66.5050910225 23.2573992305
-75.8818578414 -16.3373889569 19.9290474367
-91.6073421825 24.1246988549 52.2547599671
26.9761677493 -82.7738560602 41.0065148186
-51.4927709593 34.4073880025 45.2105375698
-43.3412600148 33.5991598094 27.6937748373
37.6814967921 -57.0222692837 23.3336605237
-82.8634029578 -60.5189596161 51.319158538
-72.3287147288 75.5837846897 14.8195701487
-1.16788615685 -13.3032978334 45.7439522229
23.5694339755 69.7302417847 5.08682784624
37.6203640553 -32.3357243493 32.7748572203
96.1159454555 87.1708905998 13.0391878163
66.8096747861 -63.088942589 13.0622354536
94.852819824 78.8980971186 31.0737952611
-90.8596512401 37.7248609988 58.2226324733
-53.3769908013 -76.0744078071 48.933027795
87.4801103295 2.68760240482 48.9522512902
-46.5033153657 6.48921694749 48.261976361
-95.0876544584 -75.5033245392 34.8401245475
88.0518399564 -79.5372682144 9.40656687459
-25.3564702609 83.7690629272 20.7786953621
85.1903241161 -38.6876007322 58.4281832148
-25.985359683 -10.7578833767 41.292029625
97.0602107639 41.4078094393 55.6127744021
-25.2443934408 -90.5260453043 24.3784051753
-49.7144200213 -53.7249669367 6.29403068632
31.7767640233 -96.8521900344 57.8398871531
-40.8069612387 87.0884051663 4.25736703841
26.4823857919 -36.0666123137 36.8002725996
61.3366656613 90.2094739536 14.9194134434
33.6441581035 -60.1941662416 12.5692446024
23.7019964146 -96.4698170013 31.9080727434
-42.9669620431 -37.757687794 53.4338189338
96.1293106878 83.847936586 3.5250018788
-91.6972400437 -46.3288542832 12.5575102775
79.9574070272 -84.055543314 38.4420997975
-95.9002442422 -97.592820412 56.456499485
30.2594419881 22.2174399393 53.7060383932
-5.74768292958 51.1956121518 14.570355656
81.9430536645 30.2493424804 19.5179461564
26.1682511669 -7.87983272746 5.79501290182
-66.3473754261 -17.3142196621 28.7308268234
0.18703898386 53.7174769532 20.4508425243
-87.2275886244 13.6304448175 18.3080109025
-39.577410853 -5.64284681299 11.7819721704
30.2962505583 96.4131494291 39.4307033549
-15.4183703587 28.0243545027 55.4178513195
-88.1326917889 64.7846414836 33.3074064551
83.7172862526 -60.1325044466 7.52861597078
69.5357829279 16.8244697845 8.97945749985
-86.5156638123 33.7153042442 8.80609474062
-57.2502783974 83.2271488739 48.7772530038
45.606533171 15.1751207944 7.89040781255
-76.928380275 -18.8831310914 4.04512010211
-1.99218527103 46.1431336822 58.0109788701
-41.1987522459 78.1405112517 37.205929141
-98.1179949272 41.8807298802 35.1904344408
-18.8350386827 -82.5689073834 47.915208531
-26.8776245122 -30.729787229 4.70239108783
-2.16867945575 1.32458179781 50.8637043848
-71.1004857344 -33.1081652127 35.3582014818
-13.7121422641 96.9963471542 38.6436088788
0.677141610471 -93.8894688526 37.0369927197
5.19038425569 -58.2246917516 24.16033248
32.8606774217 81.9062621327 39.6954286567
90.9058640924 43.0928459593 10.6221420071
78.99332041 -78.6035465273 12.9381239781
58.9584173205 18.6373301709 19.1492159636
-32.411691028 23.832916462 55.7629190066
-44.2657464281 54.6922166808 55.5651590579
-18.6264036532 -86.8274395025 42.8326962562
71.5763624481 69.1191606255 3.35195253223
29.5747810481 73.6943472476 8.17534897255
-8.43988671209 -41.2380405461 30.8415807269
96.108795451 -79.3706948126 41.2358368759
84.9220352457 97.826356136 15.9117142078
-51.5518384449 -78.6245169275 31.4882325835
52.5203747264 -66.5070365918 12.2213184419
-48.3244617887 -49.5176290307 17.8472267298
-45.9427939866 1.05161182469 47.5642437989
31.7461858128 -78.2570945165 33.3958375503
18.8600822026 -42.6805530153 37.6721929262
-94.8831613093 -48.6375390371 36.638950786
-59.3370896538 -58.1833646065 36.3977740182
33.7840970533 58.6086332926 25.5325458366
69.2529308734 -65.0485692993 41.1980250091
47.2677072834 -13.5058538042 43.7883847106
92.8709227436 48.3111396865 53.3794614803
-19.495052514 13.0102899946 20.998741074
92.8501098385 -32.2450422005 0.612546818189
-64.9601935523 -16.5120100956 56.2732720091
60.0183434305 77.9562713971 59.3456658647
70.9063932701 26.8952196603 21.633652506
33.186817914 -89.4543625033 3.92999876418
92.3108684225 53.0250548402 41.0589744384
-7.17072480131 -44.9065161693 59.4655250676
-86.5665879601 49.2025455445 9.33488885174
-94.6284746991 67.343856498 47.7355442452
-30.6359226003 -28.6999127758 13.4217266275
-25.0036124282 -82.5119037502 10.6416467458
-73.4708288169 48.5689380633 33.7685514143
-83.7134380488 -0.803607341985 13.1741564039
-53.5735001237 67.3099809164 49.2796540068
-95.5175056503 -31.408588254 21.7326568392
30.3552135662 64.2145993819 42.0300456008
-54.9887324724 -45.5590353849 50.2101258549
-95.3889461092 49.0442275341 46.3103665919
17.5310338355 19.9981963144 34.2393070234
91.1065168778 -35.3084742386 51.895737663
38.1914497134 -67.4079120183 46.1288928666
43.2071338192 -87.5260581343 21.0759544721
41.8329299311 16.2222688089 10.8983381891
52.5466943961 -13.1647304015 55.1332302751
-63.2792650218 1.76658452246 9.96697034884
53.1980332977 50.0559276947 6.36745040732
-58.3577151251 -93.5312839043 14.9211300824
-6.29548829839 -93.4198654982 27.6137001311
-72.8705084157 37.7915826614 19.9041858943
84.2034466662 -25.4767142258 49.5832636216
-23.8652260113 -48.9503874663 33.4842919942
31.3740570521 25.0616922123 0.422587929872
-96.3074578567 -13.057022733 10.4319660904
33.9117883315 -4.36883709474 15.1376524144
-45.6757615724 -17.9320100261 43.9737231383
64.8049006123 -86.0462214866 37.5719684537
-76.8831047589 99.3276850557 49.8204156848
-11.4748365877 -46.3133290385 43.6503126688
26.124480276 32.9544333071 10.8771349701
20.8647743722 21.8962789239 1.98919002668
-33.1318987942 26.6114403982 24.7766661057
58.1335265664 -92.9267681471 26.0844140486
25.1324650628 -97.6346703219 31.312816337
-71.6350539293 -14.0880230743 44.0305745752
85.3307555845 83.7702030579 20.9398744833
99.4408532367 80.3437807954 16.4992691741
-66.5871232935 -70.1782983428 14.4551520502
76.9492159898 -22.606044259 53.7452850757
82.086267861 46.7042463789 36.3686729951
76.8590280672 -37.9691589992 10.6422987524
-69.9669641105 -51.1208254935 50.4954754999
-58.9708998348 -69.406991993 38.6509232488
62.645294283 -93.1189707774 57.4399142777
26.0865017832 1.89202607209 59.4690155257
6.34738981604 65.7159081176 34.2060604685
72.2325024221 -35.6236543518 58.2999407237
-24.3274525895 -48.3053549576 34.5192225264
33.2192754874 -85.3062482875 35.0690466094
84.5967825426 -14.8865852306 4.69582955081
17.7570040792 50.6152607784 19.3512045566
-47.1486139802 -67.2971693884 49.4299090714
-33.6321802363 -77.4126343274 59.4421060492
-10.9396586643 16.8580922196 42.9332586052
58.2750496745 -1.7700302946 44.9734356778
-97.5559741172 71.5718126292 32.3920614301
96.366847751 20.4585698167 2.72081805483
43.2447435219 -56.2202538319 3.80405508707
-13.4577713847 -94.7775108158 5.60167731297
0.617443418071 -60.9680184874 50.3756665718
99.715337091 -7.68312303763 14.3931513614
96.3030615025 -38.3073054294 58.54197871
47.2910876136 4.7158398898 24.0048846414
-2.32957503528 -13.6559506108 27.6660298887
-96.6269784303 40.6808479114 27.8397725732
85.2657121083 84.716876698 58.7982544944
89.6813679489 12.5786454572 50.2550603727
32.727283595 45.4015411609 43.1921327451
-55.8299255428 -72.7607032185 14.8435961233
87.9620041984 76.8812798889 5.0765458356
71.1176782043 -64.5296188153 18.2355232486
-58.5591321507 -13.5665346985 51.9252886704
-95.1007495788 -22.4296153936 53.215443766
27.6106027131 -52.5528936964 10.3460692302
95.9218734087 -91.4924940446 7.89723140632
-52.0528362097 14.4828710921 2.04830740158
68.601520854 -89.9769032582 34.4248777557
57.7092442404 -23.9673610564 27.5090668037
30.5708411747 -74.1629756928 30.3340226958
42.9346970369 9.46439823206 27.9916917942
-58.7993364276 96.2162871778 35.9941707207
3.34939574141 74.0573567069 16.8082788734
11.7894269826 37.4485674341 55.2741522276
18.3463533013 -36.0771030168 21.9949340544
-82.9925399936 -39.1241540114 51.6533822812
62.6994682087 99.6436769557 32.0541963874
53.1747855345 58.1531279263 52.268837446
56.3950937163 -36.1512533353 9.94214367658
95.870780617 -80.1192200317 20.6179804486
-56.9089033426 84.8239359967 6.95270073867
84.5004024049 -75.4813750967 9.91358000003
2.69426678458 79.2446809877 21.9667766269
77.39189042 -8.40182003597 5.68821197813
86.260810812 -56.3641063797 51.5105188996
14.8785696697 11.2706410313 58.1939082534
-6.2170855721 -95.801366486 15.5219889387
23.8453989465 1.51454857003 57.8750805861
79.752265738 31.9415615628 40.8190207838
49.8862419326 -84.6212601316 19.5365217932
29.7817711451 -71.135795233 9.68342039577
-73.1794206942 36.9331490554 44.1035212646
20.2550054074 69.2007095908 26.7067055429
65.3951620366 6.40650022671 51.2053165696
-58.2510602435 99.6895081878 35.8348927467
-88.4895307121 37.8830854168 34.4329712361
-93.9843901217 -89.4288083316 27.3122692493
-81.9705352022 77.8934247386 3.33136599613
18.1927112859 -59.6823122434 27.8994850199
-71.4630588565 73.363878083 14.6064624206
77.703372056 -86.9144883808 37.208926702
7.54614302742 54.3936206179 22.9809485551
60.3141902024 8.17969928894 32.938379416
-14.8970131768 41.2540928451 14.0497616197
-75.5377006918 17.4991073644 40.7376987152
64.9479974628 82.1617806615 19.7144636582
58.0923018781 -64.0811509262 55.5713843112
-52.2521059013 58.0156220206 9.5444929261
46.5852921781 -44.450718351 56.3660204667
-9.08555282325 -70.7963566954 52.9279251416
54.6413794325 88.1035708394 52.0464479822
59.1483050599 17.580606295 50.9065335547
23.9892960748 -35.6587651768 10.3615404093
-25.9641134707 29.7686399074 1.62832708147
88.1743640607 -68.1463318644 12.0308739495
-90.9050254965 -69.9014197041 33.784089948
63.700546758 46.0796153729 4.58424882741
-82.7802965888 63.5994795625 32.2717427241
-61.4172598013 41.3922081255 1.26380198629
15.0134964482 -41.038992422 47.3628278461
-6.24655649416 -58.9040385323 46.3542007766
6.47757471697 -8.22842641058 46.9009473497
-97.8325539177 44.4015226619 24.0251342809
42.993746741 48.2557503327 31.6128229563
-26.6058347604 -53.7096076978 12.9591665668
-47.0273873283 69.0567681682 12.4253474272
25.5241728403 -53.8000036951 34.0990818579
15.5635286237 -33.9057544187 31.246983165
62.2476794135 -81.2208804862 45.1204423235
17.4833354406 -9.15193236122 33.1266731177
-66.0161496147 1.92788775714 38.2810739054
-61.6988557478 72.5744121422 35.1044020842
57.2194003498 -59.9259220179 56.7566616805
-31.2018484591 95.8789901672 30.1424633585
37.3517966455 96.0028491436 54.9811972192
-53.4005183602 -32.798211203 10.2663187539
82.7958168773 -14.599907796 20.4129808602
-70.9074705123 -70.4743274238 17.8051348748
58.3279982504 58.3304247097 26.9381197793
-44.3932563498 16.879793586 13.2541841544
-35.5716379348 71.2160818939 5.45755319026
-14.6597223475 -70.7499313811 33.8713903383
15.976458921 31.9443324012 12.9142321048
27.8518368887 32.8161910103 15.435166444
-70.038202192 -78.8147772009 57.4336923465
-37.6968559653 -25.7894857941 44.5534497125
15.1860528084 -44.9933074012 35.3760123754
41.1518611576 48.5866514873 56.6713833568
-15.2129896563 -65.2741620017 3.69803944577
4.90654479902 -95.0603313146 8.85989108196
28.0249793097 -99.4401670225 31.9431515981
-84.5507953531 16.2700085709 31.219507533
-54.8044512885 45.7985309748 36.3833471641
16.1809410649 -39.9380624649 20.3331937537
63.4273188291 -4.22700270559 19.781051064
13.6701067834 -28.830101325 20.0822872785
-62.7694504473 73.6781394078 13.5018488541
8.3976673943 -84.7352577795 52.3617768919
79.3000653721 62.5263170431 55.3739938454
-0.77287188594 91.3282969486 36.5872971561
-19.0762741896 66.7293682037 17.0099092509
-21.4285410883 68.3205518632 44.9558565137
36.9857857217 -5.13663941568 28.5424777166
12.0417998798 26.0962171669 41.9827906383
26.9985679256 -41.4268926318 30.7136561697
-73.0779051894 -64.8446885912 55.4020021925
22.908571803 68.5280120848 15.440511348
-71.4036271711 54.4220577713 16.3009793301
32.225657812 -31.6807702847 19.2790107477
62.18621207 -17.1985390919 11.8859047125
-49.9944832245 -43.883016461 8.69040005652
-63.5516966591 64.8715690235 55.0925485754
12.0390213347 -10.9174142773 20.2061786794
46.222850006 62.4903175972 41.201416175
-86.4264157074 13.2111022085 54.1473075787
59.8961053482 32.1336390225 10.5321238654
41.6124904448 22.3369032797 30.0501570495
-87.660689136 -56.9041755751 58.5320717039
81.4788105535 64.3289567013 3.38538407413
57.0180823209 34.5585010957 50.2176205551
91.528958078 80.7192770524 50.4519509613
51.826257217 64.3506091745 40.4300714562
-67.4812655446 88.7547383722 1.68687581463
87.1163597639 59.4520465088 20.807151901
-43.5755498058 -58.9304195972 45.0548542867
26.8856694671 65.025616105 28.6510689181
99.125496712 -37.9222938751 0.731979343875
65.6991202364 -31.7907925588 27.1222682302
77.3691688432 -86.435797839 26.5158995049
-18.130625705 63.3791992598 56.7908974721
-78.1833368535 12.851567015 44.6410241858
-38.7538824499 -5.62294352241 6.59032047353
29.9529429253 -91.588651924 11.2612425092
39.0565561462 -5.18390364782 2.91101123258
-5.04939136862 45.6372828033 53.8888475003
8.06640522985 48.6586385383 5.73092010332
-32.1616719643 5.43706921581 14.6121161413
25.5200291604 59.8420505261 35.951109676
-10.3353698359 1.50488732022 4.28661984669
39.2305714748 -24.8177704363 17.7872642448
-68.1590828347 64.4763359478 26.4400121979
64.3877312938 -81.8320161229 45.7330496905
48.6969702288 -19.2582398887 31.993422922
52.8081854013 87.1139507993 26.1394580498
-49.2439269885 -62.16636831 57.3051042289
-7.86839199497 -57.007277782 38.4900563838
29.7626694098 -31.7219225708 59.3227845133
-99.3105020065 56.6886628149 20.6460330655
27.0883428668 -95.2650353911 38.4807886635
-43.3601013961 70.7632188969 29.6313253027
-35.5149475013 -18.1236541976 5.49116288965
17.4881081887 -24.8910033448 45.6567489874
43.784124428 -68.3854752477 45.3143899143
18.8821621212 -39.8625557392 0.394261111092
-52.0416851181 -48.0266590538 25.0151063801
-79.6621999343 -32.2880856668 23.9999702682
33.6202410106 -84.2854308985 2.24366099112
-10.4638499266 -64.9855490717 44.6667739299
-55.4806055233 -28.3291960495 56.9168538578
-19.4789316672 -25.1309627793 51.887718525
14.0920948516 6.7099982693 46.4870903856
-29.1587077408 -60.1210616009 24.526871345
-90.7201587499 15.4272367723 57.8232584613
61.2474719602 -97.90528781 8.22866369727
-58.51627924 50.8225326725 2.4918736541
-51.3582473084 -29.8182753349 12.4995356562
82.0121291972 -11.1205280826 0.27324436428
-47.7892422279 56.8189572019 6.53977527083
42.666618282 -68.5244840131 53.0847085315
54.4467184398 -50.4682853336 25.2728582976
-59.7001808698 33.7697148276 30.2546244198
15.9291632598 -49.3608376211 30.992575718
84.387574183 -23.1751590879 47.4834611996
-28.684737861 70.6329997167 37.8504199406
10.6663940746 66.7260127671 17.6952254427
-29.8445742066 25.9861532802 14.1906730075
31.7485300919 -70.50748252 26.1302569965
-2.85047980961 -21.6076353853 15.7634413728
-2.74710653631 -1.24239288816 44.8957081264
72.0571925352 58.774707662 51.4643505471
-70.4268662846 20.9160377957 57.6045887316
36.2515460926 47.3959760818 46.5783661242
36.9421968738 30.8441756215 22.3199935272
5.41741605967 47.3225578111 21.2351043338
-69.0500733663 -74.255362073 57.1064007312
47.8088130791 -3.62339785339 17.9242783776
-12.0288355991 37.8890344934 3.45483134081
94.0199780192 -11.4450330628 30.7911237436
70.6086122273 67.4820744418 33.6533367459
670 953
131 145
854 963
522 684
858 307
959 848
41 465
408 149
306 255
220 83
684 700
896 640
996 283
509 568
764 772
125 244
24 629
725 192
380 318
543 753
806 550
606 207
636 653
690 940
172 439
686 858
113 879
668 457
813 274
27 543
543 298
724 171
996 218
49 851
801 593
236 154
728 90
977 360
69 191
912 423
618 18
221 224
558 601
166 237
561 384
48 81
312 445
270 395
605 23
597 445
799 401
513 499
550 244
990 190
247 499
368 291
890 141
80 638
240 500
531 680
563 38
268 940
130 482
159 251
893 186
543 90
25 951
525 899
968 549
866 398
508 918
211 86
566 352
798 529
259 497
674 294
640 63
769 720
274 2
963 858
323 882
615 988
394 975
266 644
264 973
907 290
709 47
438 577
786 480
144 240
851 664
958 221
569 241
745 439
455 716
482 339
38 672
407 623
993 475
864 982
807 896
962 192
613 635
789 279
595 458
770 396
881 936
405 915
179 945
391 260
802 891
905 25
829 793
344 804
228 842
761 365
394 331
972 87
720 557
456 194
884 341
250 110
478 22
166 495
804 48
784 468
620 280
316 149
78 186
425 886
274 23
962 391
804 235
483 318
827 333
472 350
163 570
92 247
31 746
448 396
36 568
755 253
272 240
821 943
57 210
355 285
989 257
531 879
273 607
473 594
590 495
416 0
122 782
827 11
785 813
420 982
730 235
880 259
54 561
907 377
419 754
488 552
678 932
56 769
461 344
603 793
959 735
193 756
503 924
391 861
288 360
531 546
603 358
289 159
935 18
185 486
413 922
226 691
25 865
467 395
751 107
137 933
922 582
712 195
707 448
7 722
248 343
311 384
880 392
819 680
532 466
953 486
617 293
199 885
381 834
348 274
141 49
245 740
494 735
904 333
264 401
110 897
288 59
476 151
285 412
983 489
206 675
280 113
666 712
751 991
6 958
491 503
549 172
430 182
407 217
464 916
823 427
302 404
105 750
994 308
859 981
79 45
206 431
373 505
148 840
169 460
534 247
80 345
794 785
674 99
506 551
77 706
534 151
913 688
784 160
546 662
408 380
761 19
281 484
52 520
998 769
277 223
612 879
326 732
758 724
128 123
61 448
318 836
183 395
34 884
694 15
308 704
926 920
48 788
639 676
226 902
771 994
571 623
598 682
641 400
333 588
13 750
589 87
223 634
255 793
357 877
648 401
711 284
859 377
159 938
165 889
398 463
421 643
924 871
156 664
863 640
478 457
690 195
989 982
678 635
856 272
373 667
589 380
426 709
130 64
696 144
610 823
260 545
883 631
775 536
918 144
401 545
895 692
712 309
213 113
771 373
201 428
424 837
999 506
840 561
757 516
636 285
582 341
665 789
273 823
512 453
827 667
804 332
575 223
818 446
489 884
667 548
591 358
846 170
283 470
875 467
33 646
268 185
390 962
182 157
448 985
874 535
225 11
137 946
308 31
567 592
88 568
967 465
183 769
521 305
8 940
998 605
714 622
876 447
184 296
472 141
231 810
318 263
661 666
523 556
207 198
53 284
416 41
870 333
542 987
505 70
200 904
385 640
218 359
798 660
581 959
544 991
321 315
980 742
504 212
46 737
330 978
649 968
132 242
395 628
298 650
42 693
552 148
301 563
759 302
897 387
122 577
823 448
50 462
557 782
596 890
327 885
30 185
22 459
136 578
710 181
421 297
277 289
60 581
830 644
482 410
601 459
163 52
160 331
517 951
12 317
361 489
897 750
836 50
721 554
162 426
152 277
23 25
498 711
667 251
178 853
260 873
118 648
873 154
504 516
763 767
73 797
223 893
612 217
313 346
24 753
696 659
330 9
3 702
492 529
537 955
78 450
792 935
288 122
427 296
796 894
803 295
112 382
65 485
85 880
274 509
559 437
68 943
79 217
927 358
391 177
181 420
586 429
958 170
834 679
606 196
608 959
930 580
229 776
22 128
811 4
801 612
597 548
158 729
993 633
106 280
112 480
192 625
924 90
974 377
844 770
569 827
758 170
508 267
190 626
866 919
873 287
405 276
727 921
776 210
432 976
364 522
162 966
559 700
49 574
414 991
851 418
524 507
483 935
29 497
290 86
446 660
443 435
671 106
524 995
903 561
319 363
310 950
577 149
706 879
440 668
682 910
426 262
378 466
789 750
386 509
114 827
711 703
84 152
145 450
444 367
821 372
61 999
856 503
784 194
769 653
907 911
136 887
230 963
83 478
407 15
298 826
681 159
3 575
446 345
22 672
59 595
997 785
605 576
710 199
518 377
322 910
766 761
887 978
857 555
886 902
138 194
860 692
596 384
699 278
133 593
524 896
740 420
113 388
666 344
813 554
496 26
860 97
700 386
842 274
212 931
849 801
916 391
373 509
82 394
438 137
908 793
324 694
311 76
965 781
715 780
795 807
217 822
20 340
111 415
85 604
349 976
707 292
731 68
264 969
98 603
530 523
244 186
225 810
646 702
289 750
554 71
145 710
983 794
241 986
502 892
359 433
42 424
38 236
785 488
134 203
984 471
355 801
299 871
856 397
436 159
531 962
560 844
219 880
879 542
132 264
48 335
36 139
409 111
453 658
882 926
305 133
31 922
351 170
29 535
785 902
251 461
80 302
428 736
840 377
268 14
847 518
393 245
694 329
508 157
865 662
59 434
195 741
751 381
728 524
888 651
203 967
83 485
31 270
493 820
20 248
229 99
815 171
36 193
904 657
582 863
569 573
189 350
34 540
650 832
842 438
238 782
241 23
809 636
40 855
569 821
509 57
655 331
887 820
153 539
3 491
376 430
22 608
281 833
525 0
172 302
868 835
239 627
330 284
578 157
777 103
904 97
283 634
594 171
124 916
274 114
758 852
215 94
114 979
262 142
946 519
942 812
835 475
928 7
901 259
741 649
76 850
710 505
572 763
320 714
940 192
661 189
261 25
129 678
507 979
670 952
652 413
623 897
271 524
763 463
527 496
175 203
395 370
575 561
264 178
51 743
227 236
710 305
793 450
408 140
244 943
467 796
649 477
431 663
928 100
49 968
367 538
22 343
368 665
338 506
913 227
511 653
721 277
1 689
634 277
917 676
516 638
949 975
907 599
277 341
858 663
440 0
829 789
629 941
224 82
24 436
20 299
455 482
214 540
422 484
445 666
211 422
264 801
713 822
849 970
894 446
565 436
159 903
164 620
548 560
704 252
150 163
767 64
982 329
894 608
977 728
330 776
917 453
414 525
599 617
971 265
138 655
817 561
428 551
213 656
814 607
78 514
920 88
545 942
103 25
386 632
827 700
956 184
726 902
955 918
410 984
300 461
725 136
488 820
567 499
773 377
931 529
413 768
906 465
536 388
694 697
799 125
995 279
143 51
531 483
850 738
447 142
117 860
461 119
638 18
20 834
687 125
48 377
967 324
388 243
111 85
276 454
61 403
474 671
380 192
567 989
269 917
831 414
884 396
612 281
910 353
576 101
381 99
814 186
658 763
372 422
943 362
110 558
863 521
594 60
617 81
284 439
138 475
683 867
87 281
664 184
182 597
674 319
904 910
364 575
948 656
89 268
671 539
640 804
36 634
748 552
945 987
203 184
269 478
911 716
966 373
151 462
763 166
144 160
935 713
110 914
716 100
534 388
355 229
354 300
991 843
551 392
733 63
420 824
6 210
218 404
5 505
942 175
122 858
997 119
430 617
299 783
280 931
13 916
413 479
938 439
481 488
921 538
188 332
193 244
167 153
914 681
660 17
894 426
726 526
746 537
739 710
630 353
930 591
570 454
95 751
290 125
402 172
478 788
592 890
149 484
361 927
797 939
754 188
21 231
91 101
290 759
224 244
477 880
114 378
322 155
652 272
563 988
580 291
323 253
698 888
240 833
511 581
909 663
130 907
178 669
599 360
395 181
995 476
395 457
49 193
793 565
806 919
239 426
837 156
996 389
803 324
435 228
727 780
969 19
594 792
741 921
596 922
194 779
701 724
162 708
951 706
559 870
399 571
427 884
661 352
931 401
555 108
101 958
644 602
904 754
576 493
51 180
288 735
117 413
542 819
826 681
929 370
656 183
428 562
838 136
287 915
672 778
593 71
405 113
720 234
919 461
597 787
939 814
930 256
283 288
194 182
209 667
725 143
882 733
337 623
89 19
388 858
607 213
69 778
450 588
826 336
54 557
630 275
508 776
946 616
529 198
319 728
617 975
936 952
248 760
189 485
970 136
358 427
51 436
859 824
716 56
993 557
859 57
339 734
640 576
397 594
195 600
573 58
190 451
323 58
819 280
545 787
31 888
658 167
158 344
261 686
24 25
637 586
863 787
925 286
271 906
749 5
741 939
253 594
457 172
488 225
461 857
114 608
366 447
413 761
315 819
591 125
684 20
378 771
415 191
872 899
12 672
279 286
815 601
666 564
203 113
251 374
941 495
552 592
404 33
212 480
632 105
102 579
251 968
829 843
90 856
328 805
220 420
549 984
255 457
616 46
906 463
826 954
994 291
676 555
7 68
274 566
856 302
427 497
769 275
495 861
581 572
657 473
190 63
650 905
660 126
749 816
511 46
733 660
211 718
640 60
121 943
442 401
347 136
884 913
221 106
101 798
418 18
476 972
945 317
876 299
743 127
305 987
344 148
919 364
570 324
200 759
917 401
893 226
4 456
252 172
379 391
837 361
969 491
732 490
613 612
313 352
197 990
188 545
637 703
165 240
1 289
800 659
504 164
793 889
612 481
678 247
654 263
122 540
217 204
249 64
472 367
239 670
448 519
871 271
106 33
199 494
589 734
921 484
727 16
891 943
575 71
414 424
582 555
664 667
181 992
307 462
729 896
470 551
649 422
131 632
388 29
405 489
647 228
899 19
873 306
605 414
867 879
676 648
373 993
51 821
19 378
115 760
806 341
94 679
10 379
431 557
36 208
484 449
288 323
754 747
761 696
685 704
370 677
514 891
196 240
952 72
280 494
580 74
639 960
247 284
728 690
143 964
676 236
378 118
699 145
529 161
73 100
699 19
394 393
462 709
264 686
517 138
144 33
473 504
149 554
979 778
467 111
835 994
937 144
798 508
53 474
123 600
509 208
478 644
67 462
986 763
231 717
401 49
192 628
17 222
563 263
573 421
402 926
850 507
981 571
795 451
365 378
911 566
213 25
869 891
24 823
742 373
984 447
359 808
655 177
856 238
650 586
836 546
339 523
823 114
179 717
317 989
846 733
899 294
796 907
496 685
782 226
266 573
551 600
433 142
950 312
793 260
933 64
250 817
618 733
77 360
13 919
186 689
974 467
774 391
334 276
332 238
311 765
169 26
390 615
198 80
192 585
179 754
132 488
552 482
290 396
997 36
678 39
545 971
687 981
452 65
257 860
826 0
151 127
849 848
956 234
945 206
798 850
745 175
899 730
220 957
253 457
548 173
941 897
275 434
140 124
452 791
116 719
742 273
273 530
555 90
557 674
936 781
797 592
766 149
121 252
553 456
69 461
90 454
860 62
191 271
927 578
409 493
858 381
68 508
241 625
750 454
891 878
254 149
885 623
354 855
172 762
999 215
138 230
106 198
316 979
994 378
929 754
906 839
599 641
777 471
400 81
534 262
933 721
797 804
386 138
365 657
85 952
404 994
876 509
87 69
939 333
718 127
322 486
82 576
920 627
629 312
388 280
973 67
995 762
744 366
690 509
822 11
200 568
811 154
825 851
99 104
267 415
988 41
874 942
204 94
48 850
111 929
395 906
968 274
205 845
564 587
124 508
498 107
73 193
243 31
533 956
149 818
452 321
929 726
537 37
65 255
449 800
106 597
298 43
606 339
525 450
9 93
273 791
254 918
572 541
454 295
841 324
572 518
300 5
750 501
689 692
209 620
940 419
892 197
909 29
136 130
543 714
303 956
315 999
959 915
625 425
52 663
570 466
918 59
195 997
998 563
776 807
292 682
407 309
870 732
787 497
690 641
126 209
997 423
494 183
685 852
311 896
579 286
769 71
11 141
683 192
13 935
160 780
961 333
203 218
345 990
7 496
953 350
119 454
612 414
629 601
493 975
367 481
709 334
927 907
920 921
719 496
295 772
707 968
330 856
781 877
46 647
337 995
243 191
542 157
174 69
890 766
401 156
234 723
10 981
396 932
409 577
437 254
563 279
581 351
416 70
835 490
213 129
513 364
40 395
49 612
621 212
306 210
718 5
258 289
191 864
573 692
80 236
826 369
718 96
859 716
47 482
276 284
249 312
416 270
216 320
188 407
781 725
839 504
758 630
41 729
604 899
584 46
260 592
164 86
857 775
39 99
207 149
977 455
61 447
385 537
988 163
146 196
462 782
246 543
865 849
80 695
663 952
501 768
789 998
99 549
571 608
728 851
987 304
765 372
897 788
124 910
920 127
733 186
531 939
316 983
315 457
797 315
314 682
757 339
950 912
346 792
898 989
325 883
82 918
709 283
361 372
62 238
774 313
373 622
96 211
498 739
597 952
162 359
376 894
568 404
880 395
880 987
167 303
167 973
840 147
62 909
382 872
260 107
57 167
29 589
815 161
85 960
243 488
748 620
969 180
371 708
201 229
799 800
174 869
653 695
293 883
494 674
670 458
797 433
65 368
200 698
400 338
109 635
576 473
848 437
646 28
434 560
791 700
991 795
999 156
823 99
947 401
590 53
127 615
399 753
224 155
489 419
483 521
682 166
240 5
67 913
296 922
764 341
554 468
40 874
397 32
684 359
334 975
122 318
825 313
397 549
590 696
797 175
973 6
662 936
302 752
396 590
575 700
593 858
25 95
570 57
657 170
256 775
340 928
611 135
115 49
387 633
905 913
268 616
955 937
368 770
378 863
840 430
149 261
385 92
536 193
276 215
909 806
968 933
310 295
831 715
714 175
148 502
556 98
109 747
781 244
342 818
910 215
980 685
973 514
311 862
903 637
184 309
465 11
630 151
490 356
477 810
225 672
458 100
10 413
161 754
256 259
21 26
389 864
64 417
107 644
426 475
958 207
264 269
760 372
270 778
574 158
940 298
449 361
621 768
437 581
482 637
552 472
542 304
180 170
822 637
962 207
302 805
551 710
450 606
625 258
27 623
423 746
33 83
862 644
207 462
850 133
137 350
206 492
133 533
1 294
834 379
766 856
177 679
879 618
271 243
556 901
712 198
222 388
536 300
330 577
914 972
641 617
627 112
471 456
957 525
857 105
921 506
606 398
187 308
23 225
551 21
744 841
908 876
803 852
685 428
839 200
870 409
858 103
551 862
450 127
218 542
571 909
539 776
224 410
929 73
44 382
399 463
946 35
631 869
63 314
888 907
63 27
395 489
824 204
265 752
241 158
153 567
36 371
535 394
432 187
515 641
216 863
302 176
474 710
23 40
815 433
137 661
60 166
405 213
418 599
862 852
914 267
843 814
642 21
549 161
42 704
716 658
768 607
152 326
747 189
224 522
157 987
73 567
267 977
919 543
718 937
857 226
230 122
512 958
22 128
328 661
558 402
527 14
12 339
561 103
572 181
603 587
250 230
501 256
653 586
817 865
875 641
901 263
861 574
1 391
123 750
954 838
255 203
244 346
67 68
756 272
706 409
181 915
76 327
864 199
845 115
309 947
55 748
984 526
900 627
71 393
744 809
891 932
349 745
935 441
633 728
719 392
864 270
780 393
941 698
848 126
63 379
302 563
84 247
431 889
392 35
776 619
500 969
602 10
929 351
21 961
242 617
139 322
464 333
143 269
992 471
488 931
667 752
623 912
176 354
923 386
666 470
499 927
299 632
29 364
762 211
579 295
405 221
826 943
808 640
733 504
147 742
503 794
435 486
964 279
307 536
155 507
394 662
118 469
887 231
952 689
588 249
608 216
363 903
238 710
774 719
729 612
436 624
0 461
866 908
91 993
676 251
376 902
871 232
464 212
48 33
767 234
228 377
478 344
7 561
670 666
17 376
841 609
906 195
708 453
321 323
770 6
818 516
648 987
514 82
987 144
691 925
387 59
758 477
726 72
520 670
979 229
543 72
591 702
492 362
161 249
702 852
518 259
456 51
107 520
706 707
119 365
970 364
745 877
149 557
138 712
400 898
278 35
53 963
370 211
808 168
930 363
185 965
482 410
198 998
866 781
526 151
135 113
761 862
182 670
165 644
986 426
442 133
187 426
59 756
270 944
165 33
194 205
4 950
176 37
274 886
235 236
529 710
725 299
241 414
440 438
112 402
214 962
849 240
827 477
485 761
244 424
152 881
449 970
159 97
712 758
911 580
210 647
899 562
648 777
279 849
894 933
551 861
285 178
197 33
405 5
797 740
826 892
594 944
825 499
246 567
509 652
152 237
632 724
48 424
445 332
975 799
6 242
259 651
618 235
406 398
413 951
390 452
216 680
799 810
834 27
602 125
634 23
719 883
661 947
348 685
930 887
876 653
119 356
428 289
49 529
157 279
979 308
231 969
244 495
168 357
635 616
268 837
516 722
391 889
221 807
807 516
464 364
494 414
5 263
309 106
633 159
382 846
502 340
224 824
646 585
643 403
104 237
371 177
658 211
270 222
995 271
990 312
317 575
655 31
27 0
595 285
575 475
223 983
964 139
861 692
780 295
10 391
441 214
947 824
768 362
46 846
355 358
137 671
651 610
111 792
496 217
226 976
671 618
723 831
555 612
156 433
329 430
246 753
78 628
231 456
435 752
922 655
951 715
304 208
534 359
808 803
43 65
381 647
224 121
620 430
246 309
848 36
994 359
781 293
910 391
422 157
591 686
481 311
406 247
152 977
924 797
422 667
545 254
284 932
617 753
356 351
954 158
410 956
139 236
103 894
560 5
72 533
438 850
88 738
828 853
319 841
807 776
63 428
492 28
190 804
173 908
587 793
166 433
148 141
987 211
489 607
982 569
598 240
135 34
929 282
68 38
25 307
193 188
957 613
900 51
114 667
211 166
73 968
659 539
36 30
564 900
495 101
839 468
202 111
790 713
305 644
266 293
112 41
179 303
