100
0 179
0 474
0 357
0 832
0 827
0 881
0 848
1 934
0 606
0 426
0 0
0 260
0 894
1 827
1 894
0 297
0 969
0 382
0 159
1 426
0 415
1 938
0 222
1 848
1 606
0 685
1 474
0 700
1 260
1 881
0 700
1 700
0 897
1 297
0 156
0 629
0 812
1 897
0 317
1 812
1 222
0 788
0 63
0 383
0 53
0 848
0 753
1 625
0 396
1 396
0 604
1 273
1 629
1 317
1 159
0 243
0 386
2
1 63
0 721
1 357
0 824
0 399
0 695
1 415
0 134
0 121
1 695
2
1 753
1 0
1 156
1 179
1 685
0 980
1 824
1 386
0 671
0 662
1 753
1 879
0 701
0 899
1 138
0 716
0 192
0 398
1 716
0 964
0 525
0 172
1 398
1 121
1 134
2
0 913
1 913
1 788
0 298
2
