222
0 6544
0 6239
1 6200
1 6239
0 9904
2
0 1690
0 489
1 6554
1 6544
0 8343
0 2356
0 2859
2
1 1690
1 9904
1 4122
1 2356
2
0 6070
2
1 2859
0 3113
1 2559
0 3040
0 838
0 4364
2
2
1 3040
1 6070
0 6035
0 789
0 3732
0 4622
0 3292
0 1255
1 6035
0 9557
1 3292
1 3732
2
1 9557
2
0 2168
1 789
2
0 3107
0 5250
2
1 1255
0 8321
1 4364
1 2168
1 8343
1 8321
0 7578
0 5704
1 3113
0 1168
1 489
1 4622
0 3103
0 5222
0 4549
2
0 26
0 3709
1 1168
0 6875
1 7578
0 5078
1 5250
1 5844
0 6749
1 6749
0 7046
0 8504
1 6875
0 1576
1 3709
0 6156
1 3107
1 8504
1 5001
1 5078
0 4082
0 2362
0 4024
0 9307
0 59
0 918
0 479
1 5704
0 8945
0 1817
1 26
0 3656
1 3656
2
0 6813
0 9137
1 1817
2
1 7699
2
0 2084
1 1576
0 9462
2
0 1279
0 5360
0 3009
1 4549
0 3873
1 6813
1 3276
1 4082
0 7735
0 5027
2
0 3707
0 7093
0 1213
0 801
2
1 918
0 2381
1 2084
0 8427
1 9307
0 3638
2
1 7093
1 4024
2
1 8945
2
0 8539
0 7893
1 9137
0 7405
0 3142
0 3636
2
2
1 7405
1 7735
0 4551
1 5027
1 1279
0 8430
0 7122
0 9097
0 8216
0 6085
0 6945
2
1 9462
1 2246
0 2236
0 5411
1 6085
1 7893
1 7662
1 3707
0 200
2
1 479
0 4368
1 7122
1 2362
1 8427
1 5222
0 2621
0 7835
0 2123
0 9363
0 8837
0 7755
2
2
1 8539
1 6156
1 200
0 3023
1 2123
0 7544
2
1 3636
0 1865
1 7544
0 5717
0 5128
2
0 6864
0 190
0 7453
1 190
1 5717
1 8430
0 5149
1 7755
0 5132
0 919
0 7464
0 4082
1 5132
0 6637
0 1712
0 5618
1 838
1 2621
0 697
1 5846
0 8736
0 3314
1 585
0 4859
1 3873
0 7856
2
