388
1 9050
0 4392
0 3145
0 9109
1 4392
0 4540
0 2732
0 5422
1 3145
0 6816
0 5507
1 6816
0 4868
0 1121
1 5507
0 156
2
1 2732
0 1716
0 6076
1 156
0 2602
2
2
1 5422
1 6076
0 6901
0 3916
0 2660
0 7956
0 6371
1 7956
1 4540
2
0 3
0 5824
1 2660
1 2602
1 3
0 3932
0 5926
0 8063
1 5824
0 6786
0 7569
1 1121
0 1977
1 3932
0 3264
1 3916
0 8873
0 252
0 2357
1 9109
2
0 3222
1 6901
0 8602
0 3419
0 3817
0 8007
1 3419
0 7055
2
0 5778
0 3857
0 8755
0 731
0 4278
1 1716
1 3817
0 2882
0 4037
0 576
1 7055
1 1786
2
0 4245
0 7882
1 6786
0 1624
1 8755
0 1178
0 7294
1 8602
0 787
1 4245
0 6208
2
0 4904
1 3222
0 3903
2
1 6371
0 1281
0 4677
1 3903
1 5778
0 3482
1 3264
2
0 1761
1 1761
0 5668
0 6049
0 8176
0 3079
1 1624
2
0 4341
1 3482
0 2946
1 8176
0 4595
1 8063
0 5920
0 974
0 5483
1 7569
1 1281
0 2145
1 2357
2
1 4595
0 6827
0 408
1 787
1 576
1 3857
0 2621
1 252
2
0 3694
1 4037
1 2621
1 8007
1 6049
0 2746
1 974
0 6987
2
1 4739
0 916
0 3342
0 8696
1 9385
2
1 4341
1 1773
2
2
0 1258
1 2746
0 3663
0 9300
0 8577
0 6092
1 3663
0 2115
1 2946
0 7137
0 9507
1 7882
0 6240
2
0 3851
0 7752
1 1178
0 7517
0 4091
0 1564
0 9974
0 2892
2
0 6680
0 1955
0 406
0 6125
2
0 6557
0 7112
0 8853
1 6125
1 731
0 5741
1 6680
1 1289
0 8631
0 4294
1 4464
1 5483
0 9024
2
1 7752
0 5504
0 2805
0 6426
0 8194
2
0 4761
1 2892
1 9935
0 9387
0 3610
0 6018
0 793
1 4292
0 7633
0 895
0 8697
0 8932
1 8696
1 1258
0 1902
1 3346
0 4550
0 8604
0 6585
0 634
0 8999
0 4374
0 6117
1 7112
1 895
0 7591
0 2491
0 8962
1 4761
1 5668
1 8577
0 9285
0 5406
1 3694
0 2355
1 1564
1 4091
2
0 9854
0 3013
1 4294
1 8194
0 3494
0 5748
0 5713
0 4813
2
0 9487
1 9024
1 6208
1 4813
1 6240
1 8604
1 1599
0 3183
2
0 476
0 1269
0 4486
0 12
2
0 1373
0 3763
0 1237
0 5128
1 6117
0 926
1 6740
0 5442
0 3664
1 3090
0 5143
2
1 4677
0 1221
0 2085
0 8829
2
0 4421
1 3851
1 3079
0 1181
0 778
0 2816
0 1601
2
0 7055
1 1402
1 7517
1 778
0 1637
1 3013
1 2145
1 408
2
0 2376
2
1 9285
1 1902
0 9110
1 2805
2
0 5004
1 9387
1 5128
0 2662
1 5487
1 6585
2
1 3183
0 1804
0 6078
0 959
1 476
1 6557
0 3659
0 3861
1 2788
1 5442
1 793
1 5004
1 6018
0 9573
0 8840
1 5920
2
0 3368
0 5970
0 8013
0 5221
0 9142
0 8299
0 4798
1 6078
1 3368
0 5283
0 1012
1 7294
0 5292
1 8299
0 1789
1 9300
0 2886
0 5246
1 7302
1 5056
0 5014
0 4124
1 2376
0 2711
1 1237
0 9771
0 6986
0 8552
0 7389
1 1181
0 2845
1 2491
0 9197
1 8829
2
0 181
1 5713
1 9854
1 5246
0 1259
2
0 2754
0 5802
0 9268
1 9496
0 9698
0 398
1 4124
1 916
0 6892
0 2871
0 4062
0 4285
1 3664
1 8932
1 5004
1 2662
0 8446
0 4368
1 2816
2
1 7
2
