500
1 40513
0 39066
0 41398
1 39066
0 79456
0 75650
0 4048
0 40609
1 40609
1 41398
1 75650
2
0 79291
0 71228
1 71228
0 82134
2
0 154
0 95387
0 96119
1 4048
2
1 82134
0 22615
1 93602
0 31564
0 97641
1 95387
1 154
2
1 22615
0 89935
0 98753
1 98753
1 31564
1 96119
0 89268
0 43916
1 79456
0 46267
0 56662
0 20214
0 45783
0 95215
1 1502
0 57099
2
2
0 39188
2
1 79291
0 84497
2
1 89268
0 71334
2
0 3750
0 40397
1 46267
1 89935
0 77138
0 78611
1 71334
1 57099
0 83115
0 71621
0 83900
1 56662
0 19936
0 7823
0 69069
2
1 69069
0 67916
0 61591
2
1 90243
0 95580
1 7823
0 66317
1 61591
0 64291
1 39188
1 66317
1 45783
0 91111
2
1 77138
1 91111
2
0 87464
1 78611
0 81294
0 46448
0 95207
0 39409
0 27671
1 97641
1 81294
1 67916
0 63802
0 85161
0 72278
0 7816
0 84012
0 46263
0 4088
2
0 68303
1 24064
0 19167
0 37617
1 84497
1 83900
1 95207
2
0 54621
1 63802
0 70259
0 74546
0 22023
1 22023
0 60466
0 45338
0 30786
1 85161
0 72870
0 30177
1 87526
1 95580
1 39409
1 55224
0 22860
1 40397
1 30786
0 23684
0 78158
2
1 20214
1 54621
1 27671
0 21098
1 64291
1 95215
0 42063
0 54640
1 72278
0 70768
0 62115
0 80448
1 42063
0 81146
0 83583
0 73934
0 94937
0 62139
1 54640
1 45349
0 27290
2
1 83583
2
0 73549
1 78158
0 7421
1 70768
1 46263
0 92348
2
1 19936
1 62139
1 85169
1 30177
0 88098
0 61151
2
1 23684
0 36858
0 14986
1 84012
0 41148
0 37640
1 92348
0 48412
2
2
0 91970
1 4088
1 37617
0 80903
1 29252
0 14157
1 74546
0 96651
1 35426
2
2
0 49430
0 93454
0 83182
1 93454
0 10113
0 60073
1 10113
1 68303
1 94937
0 39936
1 7421
1 46448
1 22860
0 38370
1 87464
0 56527
0 3315
1 7816
0 20714
1 21098
0 65842
1 71621
1 80903
0 87936
1 48412
0 75493
0 84294
1 80448
1 41148
1 73934
1 65842
2
0 23228
0 74011
1 60073
2
0 38192
1 83182
1 45338
0 29713
1 36858
1 84294
0 16316
0 52107
0 88376
1 88376
0 90827
0 29960
0 91460
1 91460
0 97171
1 87330
1 97171
0 90377
1 60466
1 56527
1 38192
0 89297
1 3315
0 61616
0 45472
0 39648
0 89804
0 42339
1 89297
0 41092
0 67749
1 14157
1 3750
0 48170
0 58418
1 90074
0 11755
0 91085
1 23228
2
0 256
0 31929
0 92919
0 14554
2
0 16425
0 4958
0 98490
0 81468
0 74277
2
0 48372
0 50774
2
1 20714
1 65170
0 5553
0 31933
1 31929
0 14040
0 26346
0 88652
0 51685
1 37640
0 18748
0 90698
0 15007
1 19167
1 18748
1 41092
1 38370
2
1 96651
1 91085
0 29448
0 87967
2
0 13941
2
0 20991
0 15183
1 73549
1 83270
0 34803
0 58243
0 12182
1 12182
1 82650
1 31933
2
0 36759
0 5325
0 5748
1 4958
1 42038
0 67742
1 48372
0 64054
2
0 91919
0 4479
1 51685
1 39648
1 256
2
1 67749
0 2907
0 5880
0 93860
1 35520
0 96890
0 44691
0 47459
0 52845
2
0 17797
0 89999
0 87353
0 13213
1 81146
0 83844
0 73221
1 13941
2
1 5748
1 92919
1 98490
1 11755
0 84038
1 90827
2
1 29960
0 61706
0 21455
2
0 73474
0 49256
0 24643
0 752
1 14040
0 31528
0 27364
1 5553
1 43916
0 1235
0 35426
0 42516
1 89804
0 65480
1 24643
0 27420
0 90255
0 92647
0 98126
1 50774
1 73221
0 86173
1 74011
0 23893
1 74277
1 16425
1 85032
1 5325
1 62115
1 5880
0 64083
0 18551
0 22511
1 13406
0 21511
1 64054
1 41105
2
2
0 4009
0 71500
0 84485
2
0 12731
1 52845
0 98522
1 49430
1 1235
1 73474
0 73905
0 65371
0 59222
0 49301
1 45472
1 752
0 34107
0 55598
1 49301
2
1 34107
0 12443
0 54389
0 32617
0 41941
0 4905
0 9955
1 84464
0 91228
0 86055
1 91919
0 99714
0 22311
1 96890
0 85649
0 55697
0 69179
0 14227
0 65675
0 13618
1 27420
0 92084
1 23893
0 77143
1 12443
0 94952
1 93860
1 86055
1 48170
1 85649
1 42516
1 84038
1 13618
0 1960
0 77509
0 98689
1 16316
0 68660
1 52758
1 9955
0 63674
2
2
0 47437
0 5645
1 12731
0 44924
1 91228
1 58691
0 29093
0 48390
1 47459
1 13213
1 83115
0 39666
1 54389
0 62592
0 99280
0 84991
1 67742
0 42970
0 98835
1 41941
1 94952
1 44691
1 2907
0 65316
0 48522
0 88878
1 55598
1 49256
1 29713
2
